Test Date,County,New Positives,Cumulative Number of Positives,Total Number of Tests Performed,Cumulative Number of Tests Performed
3/2/2020,Albany,0,0,0,0
3/3/2020,Albany,0,0,0,0
3/4/2020,Albany,0,0,0,0
3/5/2020,Albany,0,0,3,3
3/6/2020,Albany,0,0,0,3
3/7/2020,Albany,0,0,5,8
3/8/2020,Albany,0,0,2,10
3/9/2020,Albany,0,0,3,13
3/10/2020,Albany,0,0,2,15
3/11/2020,Albany,0,0,13,28
3/12/2020,Albany,1,1,11,39
3/13/2020,Albany,2,3,26,65
3/14/2020,Albany,3,6,108,173
3/15/2020,Albany,6,12,108,281
3/16/2020,Albany,11,23,140,421
3/17/2020,Albany,13,36,267,688
3/18/2020,Albany,7,43,331,1019
3/19/2020,Albany,18,61,450,1469
3/20/2020,Albany,27,88,499,1968
3/21/2020,Albany,35,123,577,2545
3/22/2020,Albany,4,127,197,2742
3/23/2020,Albany,19,146,144,2886
3/24/2020,Albany,6,152,198,3084
3/25/2020,Albany,19,171,93,3177
3/26/2020,Albany,16,187,112,3289
3/27/2020,Albany,8,195,101,3390
3/28/2020,Albany,10,205,73,3463
3/29/2020,Albany,12,217,61,3524
3/30/2020,Albany,9,226,72,3596
3/31/2020,Albany,14,240,108,3704
4/1/2020,Albany,13,253,106,3810
4/2/2020,Albany,14,267,105,3915
4/3/2020,Albany,26,293,123,4038
4/4/2020,Albany,12,305,117,4155
4/5/2020,Albany,14,319,89,4244
4/6/2020,Albany,14,333,86,4330
4/7/2020,Albany,9,342,74,4404
4/8/2020,Albany,37,379,229,4633
4/9/2020,Albany,47,426,332,4965
4/10/2020,Albany,20,446,159,5124
4/11/2020,Albany,32,478,223,5347
4/12/2020,Albany,21,499,193,5540
4/13/2020,Albany,36,535,216,5756
4/14/2020,Albany,13,548,106,5862
4/15/2020,Albany,33,581,301,6163
4/16/2020,Albany,38,619,273,6436
4/17/2020,Albany,29,648,291,6727
4/18/2020,Albany,34,682,305,7032
4/19/2020,Albany,5,687,103,7135
4/20/2020,Albany,17,704,164,7299
4/21/2020,Albany,33,737,236,7535
4/22/2020,Albany,21,758,178,7713
4/23/2020,Albany,47,805,319,8032
4/24/2020,Albany,94,899,626,8658
4/25/2020,Albany,49,948,402,9060
4/26/2020,Albany,31,979,263,9323
4/27/2020,Albany,30,1009,197,9520
4/28/2020,Albany,58,1067,351,9871
4/29/2020,Albany,98,1165,439,10310
4/30/2020,Albany,39,1204,378,10688
5/1/2020,Albany,34,1238,434,11122
5/2/2020,Albany,20,1258,441,11563
5/3/2020,Albany,29,1287,391,11954
5/4/2020,Albany,7,1294,130,12084
5/5/2020,Albany,27,1321,367,12451
5/6/2020,Albany,27,1348,407,12858
5/7/2020,Albany,36,1384,385,13243
5/8/2020,Albany,32,1416,488,13731
5/9/2020,Albany,16,1432,455,14186
5/10/2020,Albany,24,1456,384,14570
5/11/2020,Albany,23,1479,341,14911
5/12/2020,Albany,15,1494,335,15246
5/13/2020,Albany,15,1509,546,15792
5/14/2020,Albany,29,1538,541,16333
5/15/2020,Albany,34,1572,482,16815
5/16/2020,Albany,7,1579,411,17226
5/17/2020,Albany,31,1610,342,17568
5/18/2020,Albany,45,1655,398,17966
5/19/2020,Albany,27,1682,697,18663
5/20/2020,Albany,18,1700,650,19313
5/21/2020,Albany,56,1756,920,20233
5/22/2020,Albany,14,1770,655,20888
5/23/2020,Albany,12,1782,438,21326
5/24/2020,Albany,9,1791,378,21704
5/25/2020,Albany,2,1793,328,22032
5/26/2020,Albany,3,1796,369,22401
5/27/2020,Albany,18,1814,666,23067
5/28/2020,Albany,20,1834,416,23483
5/29/2020,Albany,9,1843,521,24004
5/30/2020,Albany,17,1860,760,24764
5/31/2020,Albany,22,1882,537,25301
6/1/2020,Albany,18,1900,618,25919
6/2/2020,Albany,20,1920,1170,27089
6/3/2020,Albany,10,1930,817,27906
6/4/2020,Albany,11,1941,1179,29085
6/5/2020,Albany,12,1953,1164,30249
6/6/2020,Albany,8,1961,751,31000
6/7/2020,Albany,17,1978,1194,32194
6/8/2020,Albany,5,1983,616,32810
6/9/2020,Albany,3,1986,569,33379
6/10/2020,Albany,10,1996,774,34153
6/11/2020,Albany,11,2007,1103,35256
6/12/2020,Albany,9,2016,739,35995
6/13/2020,Albany,4,2020,874,36869
6/14/2020,Albany,2,2022,496,37365
6/15/2020,Albany,4,2026,577,37942
6/16/2020,Albany,3,2029,592,38534
6/17/2020,Albany,5,2034,843,39377
6/18/2020,Albany,15,2049,1070,40447
6/19/2020,Albany,4,2053,610,41057
6/20/2020,Albany,1,2054,784,41841
6/21/2020,Albany,6,2060,931,42772
6/22/2020,Albany,2,2062,427,43199
6/23/2020,Albany,3,2065,586,43785
6/24/2020,Albany,11,2076,1325,45110
6/25/2020,Albany,8,2084,630,45740
6/26/2020,Albany,7,2091,799,46539
6/27/2020,Albany,6,2097,762,47301
6/28/2020,Albany,2,2099,514,47815
6/29/2020,Albany,3,2102,543,48358
6/30/2020,Albany,10,2112,731,49089
7/1/2020,Albany,13,2125,928,50017
7/2/2020,Albany,5,2130,805,50822
7/3/2020,Albany,15,2145,970,51792
7/4/2020,Albany,7,2152,1098,52890
7/5/2020,Albany,8,2160,626,53516
7/6/2020,Albany,4,2164,421,53937
7/7/2020,Albany,11,2175,1020,54957
7/8/2020,Albany,8,2183,1260,56217
7/9/2020,Albany,7,2190,625,56842
7/10/2020,Albany,18,2208,1252,58094
7/11/2020,Albany,11,2219,815,58909
7/12/2020,Albany,6,2225,594,59503
7/13/2020,Albany,22,2247,1139,60642
7/14/2020,Albany,33,2280,860,61502
3/2/2020,Allegany,0,0,0,0
3/3/2020,Allegany,0,0,0,0
3/4/2020,Allegany,0,0,0,0
3/5/2020,Allegany,0,0,0,0
3/6/2020,Allegany,0,0,0,0
3/7/2020,Allegany,0,0,0,0
3/8/2020,Allegany,0,0,0,0
3/9/2020,Allegany,0,0,0,0
3/10/2020,Allegany,0,0,0,0
3/11/2020,Allegany,0,0,4,4
3/12/2020,Allegany,0,0,1,5
3/13/2020,Allegany,0,0,0,5
3/14/2020,Allegany,0,0,1,6
3/15/2020,Allegany,2,2,5,11
3/16/2020,Allegany,0,2,1,12
3/17/2020,Allegany,0,2,0,12
3/18/2020,Allegany,0,2,3,15
3/19/2020,Allegany,0,2,2,17
3/20/2020,Allegany,0,2,10,27
3/21/2020,Allegany,0,2,10,37
3/22/2020,Allegany,0,2,39,76
3/23/2020,Allegany,0,2,2,78
3/24/2020,Allegany,0,2,5,83
3/25/2020,Allegany,0,2,6,89
3/26/2020,Allegany,0,2,9,98
3/27/2020,Allegany,0,2,4,102
3/28/2020,Allegany,4,6,12,114
3/29/2020,Allegany,1,7,7,121
3/30/2020,Allegany,0,7,4,125
3/31/2020,Allegany,2,9,10,135
4/1/2020,Allegany,3,12,14,149
4/2/2020,Allegany,2,14,18,167
4/3/2020,Allegany,2,16,13,180
4/4/2020,Allegany,0,16,8,188
4/5/2020,Allegany,1,17,8,196
4/6/2020,Allegany,0,17,3,199
4/7/2020,Allegany,4,21,16,215
4/8/2020,Allegany,1,22,12,227
4/9/2020,Allegany,4,26,21,248
4/10/2020,Allegany,0,26,16,264
4/11/2020,Allegany,0,26,11,275
4/12/2020,Allegany,0,26,5,280
4/13/2020,Allegany,2,28,14,294
4/14/2020,Allegany,0,28,10,304
4/15/2020,Allegany,0,28,8,312
4/16/2020,Allegany,1,29,21,333
4/17/2020,Allegany,1,30,15,348
4/18/2020,Allegany,0,30,7,355
4/19/2020,Allegany,0,30,5,360
4/20/2020,Allegany,0,30,9,369
4/21/2020,Allegany,0,30,10,379
4/22/2020,Allegany,0,30,14,393
4/23/2020,Allegany,1,31,10,403
4/24/2020,Allegany,4,35,61,464
4/25/2020,Allegany,0,35,12,476
4/26/2020,Allegany,0,35,9,485
4/27/2020,Allegany,0,35,14,499
4/28/2020,Allegany,0,35,26,525
4/29/2020,Allegany,0,35,18,543
4/30/2020,Allegany,0,35,20,563
5/1/2020,Allegany,0,35,11,574
5/2/2020,Allegany,0,35,18,592
5/3/2020,Allegany,0,35,14,606
5/4/2020,Allegany,0,35,31,637
5/5/2020,Allegany,0,35,22,659
5/6/2020,Allegany,0,35,40,699
5/7/2020,Allegany,0,35,33,732
5/8/2020,Allegany,0,35,18,750
5/9/2020,Allegany,1,36,20,770
5/10/2020,Allegany,2,38,35,805
5/11/2020,Allegany,4,42,41,846
5/12/2020,Allegany,2,44,39,885
5/13/2020,Allegany,0,44,53,938
5/14/2020,Allegany,0,44,44,982
5/15/2020,Allegany,0,44,27,1009
5/16/2020,Allegany,0,44,36,1045
5/17/2020,Allegany,0,44,89,1134
5/18/2020,Allegany,0,44,28,1162
5/19/2020,Allegany,0,44,49,1211
5/20/2020,Allegany,0,44,68,1279
5/21/2020,Allegany,0,44,47,1326
5/22/2020,Allegany,0,44,26,1352
5/23/2020,Allegany,0,44,33,1385
5/24/2020,Allegany,0,44,53,1438
5/25/2020,Allegany,0,44,28,1466
5/26/2020,Allegany,1,45,96,1562
5/27/2020,Allegany,0,45,98,1660
5/28/2020,Allegany,0,45,60,1720
5/29/2020,Allegany,0,45,64,1784
5/30/2020,Allegany,0,45,51,1835
5/31/2020,Allegany,3,48,100,1935
6/1/2020,Allegany,0,48,160,2095
6/2/2020,Allegany,1,49,181,2276
6/3/2020,Allegany,0,49,131,2407
6/4/2020,Allegany,2,51,154,2561
6/5/2020,Allegany,0,51,309,2870
6/6/2020,Allegany,0,51,98,2968
6/7/2020,Allegany,0,51,149,3117
6/8/2020,Allegany,0,51,220,3337
6/9/2020,Allegany,1,52,128,3465
6/10/2020,Allegany,1,53,137,3602
6/11/2020,Allegany,0,53,163,3765
6/12/2020,Allegany,1,54,144,3909
6/13/2020,Allegany,0,54,103,4012
6/14/2020,Allegany,1,55,65,4077
6/15/2020,Allegany,0,55,120,4197
6/16/2020,Allegany,0,55,134,4331
6/17/2020,Allegany,2,57,77,4408
6/18/2020,Allegany,1,58,220,4628
6/19/2020,Allegany,0,58,166,4794
6/20/2020,Allegany,0,58,66,4860
6/21/2020,Allegany,0,58,114,4974
6/22/2020,Allegany,0,58,142,5116
6/23/2020,Allegany,0,58,104,5220
6/24/2020,Allegany,0,58,131,5351
6/25/2020,Allegany,0,58,109,5460
6/26/2020,Allegany,0,58,55,5515
6/27/2020,Allegany,1,59,74,5589
6/28/2020,Allegany,0,59,157,5746
6/29/2020,Allegany,0,59,194,5940
6/30/2020,Allegany,2,61,78,6018
7/1/2020,Allegany,1,62,48,6066
7/2/2020,Allegany,1,63,105,6171
7/3/2020,Allegany,0,63,75,6246
7/4/2020,Allegany,0,63,97,6343
7/5/2020,Allegany,0,63,93,6436
7/6/2020,Allegany,0,63,87,6523
7/7/2020,Allegany,1,64,205,6728
7/8/2020,Allegany,0,64,91,6819
7/9/2020,Allegany,0,64,78,6897
7/10/2020,Allegany,2,66,106,7003
7/11/2020,Allegany,0,66,107,7110
7/12/2020,Allegany,0,66,88,7198
7/13/2020,Allegany,2,68,243,7441
7/14/2020,Allegany,1,69,97,7538
3/2/2020,Bronx,0,0,0,0
3/3/2020,Bronx,0,0,1,1
3/4/2020,Bronx,0,0,0,1
3/5/2020,Bronx,0,0,5,6
3/6/2020,Bronx,0,0,6,12
3/7/2020,Bronx,0,0,17,29
3/8/2020,Bronx,1,1,16,45
3/9/2020,Bronx,4,5,31,76
3/10/2020,Bronx,0,5,47,123
3/11/2020,Bronx,2,7,31,154
3/12/2020,Bronx,3,10,36,190
3/13/2020,Bronx,10,20,99,289
3/14/2020,Bronx,8,28,80,369
3/15/2020,Bronx,29,57,116,485
3/16/2020,Bronx,29,86,151,636
3/17/2020,Bronx,123,209,433,1069
3/18/2020,Bronx,154,363,597,1666
3/19/2020,Bronx,191,554,605,2271
3/20/2020,Bronx,297,851,884,3155
3/21/2020,Bronx,367,1218,1044,4199
3/22/2020,Bronx,606,1824,1276,5475
3/23/2020,Bronx,455,2279,970,6445
3/24/2020,Bronx,611,2890,1188,7633
3/25/2020,Bronx,838,3728,1770,9403
3/26/2020,Bronx,829,4557,1428,10831
3/27/2020,Bronx,846,5403,1478,12309
3/28/2020,Bronx,901,6304,1529,13838
3/29/2020,Bronx,658,6962,1160,14998
3/30/2020,Bronx,804,7766,1341,16339
3/31/2020,Bronx,1095,8861,1818,18157
4/1/2020,Bronx,1066,9927,1754,19911
4/2/2020,Bronx,1159,11086,1946,21857
4/3/2020,Bronx,1229,12315,2108,23965
4/4/2020,Bronx,1053,13368,1778,25743
4/5/2020,Bronx,959,14327,1628,27371
4/6/2020,Bronx,1021,15348,1996,29367
4/7/2020,Bronx,1278,16626,2562,31929
4/8/2020,Bronx,1166,17792,2348,34277
4/9/2020,Bronx,1368,19160,2637,36914
4/10/2020,Bronx,1317,20477,2580,39494
4/11/2020,Bronx,964,21441,2081,41575
4/12/2020,Bronx,764,22205,1623,43198
4/13/2020,Bronx,1061,23266,2294,45492
4/14/2020,Bronx,1387,24653,2622,48114
4/15/2020,Bronx,1279,25932,2939,51053
4/16/2020,Bronx,1103,27035,2793,53846
4/17/2020,Bronx,984,28019,2597,56443
4/18/2020,Bronx,804,28823,2162,58605
4/19/2020,Bronx,549,29372,1707,60312
4/20/2020,Bronx,617,29989,2050,62362
4/21/2020,Bronx,879,30868,2942,65304
4/22/2020,Bronx,791,31659,3084,68388
4/23/2020,Bronx,1042,32701,3691,72079
4/24/2020,Bronx,1482,34183,4800,76879
4/25/2020,Bronx,787,34970,2967,79846
4/26/2020,Bronx,586,35556,2363,82209
4/27/2020,Bronx,438,35994,2107,84316
4/28/2020,Bronx,606,36600,2938,87254
4/29/2020,Bronx,644,37244,2977,90231
4/30/2020,Bronx,541,37785,2824,93055
5/1/2020,Bronx,665,38450,3694,96749
5/2/2020,Bronx,466,38916,2857,99606
5/3/2020,Bronx,307,39223,1869,101475
5/4/2020,Bronx,253,39476,2001,103476
5/5/2020,Bronx,363,39839,2657,106133
5/6/2020,Bronx,342,40181,2786,108919
5/7/2020,Bronx,352,40533,3078,111997
5/8/2020,Bronx,271,40804,2873,114870
5/9/2020,Bronx,255,41059,2935,117805
5/10/2020,Bronx,237,41296,2140,119945
5/11/2020,Bronx,145,41441,1510,121455
5/12/2020,Bronx,236,41677,2678,124133
5/13/2020,Bronx,303,41980,3338,127471
5/14/2020,Bronx,539,42519,4408,131879
5/15/2020,Bronx,293,42812,3632,135511
5/16/2020,Bronx,210,43022,2861,138372
5/17/2020,Bronx,136,43158,2126,140498
5/18/2020,Bronx,112,43270,2102,142600
5/19/2020,Bronx,148,43418,2682,145282
5/20/2020,Bronx,185,43603,3618,148900
5/21/2020,Bronx,163,43766,3421,152321
5/22/2020,Bronx,155,43921,3518,155839
5/23/2020,Bronx,216,44137,4575,160414
5/24/2020,Bronx,110,44247,2445,162859
5/25/2020,Bronx,117,44364,2233,165092
5/26/2020,Bronx,139,44503,3064,168156
5/27/2020,Bronx,250,44753,5657,173813
5/28/2020,Bronx,221,44974,5781,179594
5/29/2020,Bronx,142,45116,4817,184411
5/30/2020,Bronx,137,45253,4338,188749
5/31/2020,Bronx,106,45359,3997,192746
6/1/2020,Bronx,107,45466,4069,196815
6/2/2020,Bronx,105,45571,3579,200394
6/3/2020,Bronx,117,45688,4303,204697
6/4/2020,Bronx,90,45778,4606,209303
6/5/2020,Bronx,104,45882,5144,214447
6/6/2020,Bronx,98,45980,4164,218611
6/7/2020,Bronx,72,46052,3718,222329
6/8/2020,Bronx,75,46127,3214,225543
6/9/2020,Bronx,96,46223,4468,230011
6/10/2020,Bronx,93,46316,3929,233940
6/11/2020,Bronx,80,46396,4894,238834
6/12/2020,Bronx,105,46501,5869,244703
6/13/2020,Bronx,66,46567,4578,249281
6/14/2020,Bronx,78,46645,4689,253970
6/15/2020,Bronx,65,46710,4542,258512
6/16/2020,Bronx,68,46778,5106,263618
6/17/2020,Bronx,52,46830,5556,269174
6/18/2020,Bronx,85,46915,6272,275446
6/19/2020,Bronx,64,46979,5007,280453
6/20/2020,Bronx,48,47027,4694,285147
6/21/2020,Bronx,65,47092,4917,290064
6/22/2020,Bronx,62,47154,3723,293787
6/23/2020,Bronx,76,47230,3549,297336
6/24/2020,Bronx,64,47294,4930,302266
6/25/2020,Bronx,89,47383,4377,306643
6/26/2020,Bronx,73,47456,5794,312437
6/27/2020,Bronx,58,47514,5208,317645
6/28/2020,Bronx,41,47555,3588,321233
6/29/2020,Bronx,43,47598,4056,325289
6/30/2020,Bronx,53,47651,4725,330014
7/1/2020,Bronx,107,47758,5267,335281
7/2/2020,Bronx,80,47838,5521,340802
7/3/2020,Bronx,64,47902,4449,345251
7/4/2020,Bronx,36,47938,4275,349526
7/5/2020,Bronx,56,47994,4111,353637
7/6/2020,Bronx,44,48038,3695,357332
7/7/2020,Bronx,38,48076,3456,360788
7/8/2020,Bronx,50,48126,3993,364781
7/9/2020,Bronx,82,48208,5706,370487
7/10/2020,Bronx,59,48267,4932,375419
7/11/2020,Bronx,60,48327,4401,379820
7/12/2020,Bronx,50,48377,3980,383800
7/13/2020,Bronx,56,48433,4169,387969
7/14/2020,Bronx,63,48496,4435,392404
3/2/2020,Broome,0,0,0,0
3/3/2020,Broome,0,0,0,0
3/4/2020,Broome,0,0,0,0
3/5/2020,Broome,0,0,0,0
3/6/2020,Broome,0,0,0,0
3/7/2020,Broome,0,0,0,0
3/8/2020,Broome,0,0,2,2
3/9/2020,Broome,0,0,1,3
3/10/2020,Broome,0,0,1,4
3/11/2020,Broome,0,0,1,5
3/12/2020,Broome,1,1,2,7
3/13/2020,Broome,0,1,2,9
3/14/2020,Broome,0,1,3,12
3/15/2020,Broome,0,1,2,14
3/16/2020,Broome,0,1,1,15
3/17/2020,Broome,0,1,6,21
3/18/2020,Broome,1,2,9,30
3/19/2020,Broome,0,2,3,33
3/20/2020,Broome,0,2,16,49
3/21/2020,Broome,1,3,5,54
3/22/2020,Broome,4,7,20,74
3/23/2020,Broome,2,9,18,92
3/24/2020,Broome,2,11,13,105
3/25/2020,Broome,5,16,37,142
3/26/2020,Broome,2,18,25,167
3/27/2020,Broome,5,23,37,204
3/28/2020,Broome,6,29,45,249
3/29/2020,Broome,6,35,36,285
3/30/2020,Broome,3,38,48,333
3/31/2020,Broome,4,42,35,368
4/1/2020,Broome,4,46,43,411
4/2/2020,Broome,10,56,72,483
4/3/2020,Broome,9,65,55,538
4/4/2020,Broome,6,71,36,574
4/5/2020,Broome,5,76,33,607
4/6/2020,Broome,10,86,47,654
4/7/2020,Broome,2,88,24,678
4/8/2020,Broome,17,105,82,760
4/9/2020,Broome,7,112,58,818
4/10/2020,Broome,5,117,31,849
4/11/2020,Broome,9,126,60,909
4/12/2020,Broome,7,133,39,948
4/13/2020,Broome,13,146,90,1038
4/14/2020,Broome,7,153,73,1111
4/15/2020,Broome,14,167,74,1185
4/16/2020,Broome,11,178,82,1267
4/17/2020,Broome,8,186,64,1331
4/18/2020,Broome,6,192,52,1383
4/19/2020,Broome,7,199,43,1426
4/20/2020,Broome,6,205,47,1473
4/21/2020,Broome,14,219,54,1527
4/22/2020,Broome,5,224,102,1629
4/23/2020,Broome,8,232,85,1714
4/24/2020,Broome,19,251,212,1926
4/25/2020,Broome,6,257,105,2031
4/26/2020,Broome,4,261,69,2100
4/27/2020,Broome,5,266,60,2160
4/28/2020,Broome,7,273,87,2247
4/29/2020,Broome,11,284,114,2361
4/30/2020,Broome,15,299,110,2471
5/1/2020,Broome,6,305,114,2585
5/2/2020,Broome,22,327,415,3000
5/3/2020,Broome,7,334,353,3353
5/4/2020,Broome,4,338,180,3533
5/5/2020,Broome,7,345,273,3806
5/6/2020,Broome,15,360,333,4139
5/7/2020,Broome,4,364,214,4353
5/8/2020,Broome,8,372,252,4605
5/9/2020,Broome,1,373,317,4922
5/10/2020,Broome,5,378,319,5241
5/11/2020,Broome,1,379,271,5512
5/12/2020,Broome,3,382,291,5803
5/13/2020,Broome,1,383,343,6146
5/14/2020,Broome,7,390,343,6489
5/15/2020,Broome,23,413,458,6947
5/16/2020,Broome,1,414,486,7433
5/17/2020,Broome,9,423,379,7812
5/18/2020,Broome,6,429,295,8107
5/19/2020,Broome,7,436,639,8746
5/20/2020,Broome,15,451,419,9165
5/21/2020,Broome,17,468,820,9985
5/22/2020,Broome,17,485,645,10630
5/23/2020,Broome,16,501,629,11259
5/24/2020,Broome,18,519,669,11928
5/25/2020,Broome,3,522,536,12464
5/26/2020,Broome,6,528,369,12833
5/27/2020,Broome,17,545,523,13356
5/28/2020,Broome,12,557,614,13970
5/29/2020,Broome,4,561,531,14501
5/30/2020,Broome,5,566,1002,15503
5/31/2020,Broome,8,574,777,16280
6/1/2020,Broome,4,578,629,16909
6/2/2020,Broome,11,589,826,17735
6/3/2020,Broome,4,593,631,18366
6/4/2020,Broome,12,605,1417,19783
6/5/2020,Broome,8,613,1311,21094
6/6/2020,Broome,7,620,950,22044
6/7/2020,Broome,4,624,745,22789
6/8/2020,Broome,3,627,797,23586
6/9/2020,Broome,3,630,755,24341
6/10/2020,Broome,11,641,875,25216
6/11/2020,Broome,3,644,1085,26301
6/12/2020,Broome,3,647,779,27080
6/13/2020,Broome,4,651,795,27875
6/14/2020,Broome,4,655,382,28257
6/15/2020,Broome,1,656,606,28863
6/16/2020,Broome,1,657,546,29409
6/17/2020,Broome,0,657,442,29851
6/18/2020,Broome,6,663,952,30803
6/19/2020,Broome,2,665,586,31389
6/20/2020,Broome,3,668,430,31819
6/21/2020,Broome,2,670,552,32371
6/22/2020,Broome,1,671,588,32959
6/23/2020,Broome,0,671,179,33138
6/24/2020,Broome,9,680,935,34073
6/25/2020,Broome,17,697,509,34582
6/26/2020,Broome,4,701,922,35504
6/27/2020,Broome,2,703,486,35990
6/28/2020,Broome,7,710,377,36367
6/29/2020,Broome,6,716,772,37139
6/30/2020,Broome,6,722,448,37587
7/1/2020,Broome,7,729,846,38433
7/2/2020,Broome,7,736,476,38909
7/3/2020,Broome,16,752,979,39888
7/4/2020,Broome,1,753,898,40786
7/5/2020,Broome,4,757,554,41340
7/6/2020,Broome,5,762,588,41928
7/7/2020,Broome,4,766,234,42162
7/8/2020,Broome,4,770,731,42893
7/9/2020,Broome,14,784,662,43555
7/10/2020,Broome,23,807,747,44302
7/11/2020,Broome,13,820,1236,45538
7/12/2020,Broome,7,827,595,46133
7/13/2020,Broome,14,841,852,46985
7/14/2020,Broome,11,852,592,47577
3/2/2020,Cattaraugus,0,0,0,0
3/3/2020,Cattaraugus,0,0,0,0
3/4/2020,Cattaraugus,0,0,0,0
3/5/2020,Cattaraugus,0,0,0,0
3/6/2020,Cattaraugus,0,0,0,0
3/7/2020,Cattaraugus,0,0,0,0
3/8/2020,Cattaraugus,0,0,0,0
3/9/2020,Cattaraugus,0,0,0,0
3/10/2020,Cattaraugus,0,0,0,0
3/11/2020,Cattaraugus,0,0,0,0
3/12/2020,Cattaraugus,0,0,2,2
3/13/2020,Cattaraugus,0,0,2,4
3/14/2020,Cattaraugus,0,0,1,5
3/15/2020,Cattaraugus,0,0,2,7
3/16/2020,Cattaraugus,0,0,0,7
3/17/2020,Cattaraugus,0,0,0,7
3/18/2020,Cattaraugus,0,0,5,12
3/19/2020,Cattaraugus,0,0,2,14
3/20/2020,Cattaraugus,0,0,10,24
3/21/2020,Cattaraugus,0,0,23,47
3/22/2020,Cattaraugus,0,0,14,61
3/23/2020,Cattaraugus,0,0,12,73
3/24/2020,Cattaraugus,0,0,3,76
3/25/2020,Cattaraugus,0,0,12,88
3/26/2020,Cattaraugus,0,0,13,101
3/27/2020,Cattaraugus,1,1,25,126
3/28/2020,Cattaraugus,3,4,13,139
3/29/2020,Cattaraugus,2,6,7,146
3/30/2020,Cattaraugus,0,6,5,151
3/31/2020,Cattaraugus,1,7,12,163
4/1/2020,Cattaraugus,1,8,28,191
4/2/2020,Cattaraugus,1,9,24,215
4/3/2020,Cattaraugus,0,9,8,223
4/4/2020,Cattaraugus,1,10,12,235
4/5/2020,Cattaraugus,2,12,16,251
4/6/2020,Cattaraugus,1,13,14,265
4/7/2020,Cattaraugus,2,15,19,284
4/8/2020,Cattaraugus,2,17,15,299
4/9/2020,Cattaraugus,1,18,26,325
4/10/2020,Cattaraugus,1,19,7,332
4/11/2020,Cattaraugus,9,28,32,364
4/12/2020,Cattaraugus,0,28,6,370
4/13/2020,Cattaraugus,4,32,13,383
4/14/2020,Cattaraugus,0,32,11,394
4/15/2020,Cattaraugus,0,32,14,408
4/16/2020,Cattaraugus,2,34,31,439
4/17/2020,Cattaraugus,0,34,15,454
4/18/2020,Cattaraugus,0,34,17,471
4/19/2020,Cattaraugus,0,34,1,472
4/20/2020,Cattaraugus,1,35,8,480
4/21/2020,Cattaraugus,2,37,34,514
4/22/2020,Cattaraugus,0,37,40,554
4/23/2020,Cattaraugus,2,39,32,586
4/24/2020,Cattaraugus,6,45,102,688
4/25/2020,Cattaraugus,0,45,24,712
4/26/2020,Cattaraugus,0,45,21,733
4/27/2020,Cattaraugus,0,45,15,748
4/28/2020,Cattaraugus,2,47,76,824
4/29/2020,Cattaraugus,0,47,85,909
4/30/2020,Cattaraugus,2,49,78,987
5/1/2020,Cattaraugus,1,50,80,1067
5/2/2020,Cattaraugus,3,53,54,1121
5/3/2020,Cattaraugus,0,53,7,1128
5/4/2020,Cattaraugus,0,53,14,1142
5/5/2020,Cattaraugus,1,54,47,1189
5/6/2020,Cattaraugus,5,59,65,1254
5/7/2020,Cattaraugus,0,59,36,1290
5/8/2020,Cattaraugus,1,60,54,1344
5/9/2020,Cattaraugus,0,60,21,1365
5/10/2020,Cattaraugus,1,61,103,1468
5/11/2020,Cattaraugus,0,61,29,1497
5/12/2020,Cattaraugus,0,61,77,1574
5/13/2020,Cattaraugus,3,64,134,1708
5/14/2020,Cattaraugus,0,64,173,1881
5/15/2020,Cattaraugus,1,65,186,2067
5/16/2020,Cattaraugus,0,65,142,2209
5/17/2020,Cattaraugus,2,67,207,2416
5/18/2020,Cattaraugus,2,69,24,2440
5/19/2020,Cattaraugus,1,70,152,2592
5/20/2020,Cattaraugus,1,71,186,2778
5/21/2020,Cattaraugus,3,74,125,2903
5/22/2020,Cattaraugus,4,78,176,3079
5/23/2020,Cattaraugus,0,78,172,3251
5/24/2020,Cattaraugus,3,81,311,3562
5/25/2020,Cattaraugus,0,81,136,3698
5/26/2020,Cattaraugus,1,82,162,3860
5/27/2020,Cattaraugus,3,85,286,4146
5/28/2020,Cattaraugus,1,86,147,4293
5/29/2020,Cattaraugus,1,87,189,4482
5/30/2020,Cattaraugus,1,88,183,4665
5/31/2020,Cattaraugus,1,89,215,4880
6/1/2020,Cattaraugus,0,89,333,5213
6/2/2020,Cattaraugus,1,90,375,5588
6/3/2020,Cattaraugus,1,91,290,5878
6/4/2020,Cattaraugus,1,92,304,6182
6/5/2020,Cattaraugus,0,92,416,6598
6/6/2020,Cattaraugus,2,94,193,6791
6/7/2020,Cattaraugus,1,95,245,7036
6/8/2020,Cattaraugus,0,95,183,7219
6/9/2020,Cattaraugus,1,96,205,7424
6/10/2020,Cattaraugus,2,98,258,7682
6/11/2020,Cattaraugus,3,101,282,7964
6/12/2020,Cattaraugus,0,101,341,8305
6/13/2020,Cattaraugus,3,104,272,8577
6/14/2020,Cattaraugus,2,106,155,8732
6/15/2020,Cattaraugus,1,107,393,9125
6/16/2020,Cattaraugus,2,109,202,9327
6/17/2020,Cattaraugus,0,109,219,9546
6/18/2020,Cattaraugus,0,109,335,9881
6/19/2020,Cattaraugus,4,113,325,10206
6/20/2020,Cattaraugus,2,115,377,10583
6/21/2020,Cattaraugus,0,115,252,10835
6/22/2020,Cattaraugus,3,118,220,11055
6/23/2020,Cattaraugus,2,120,210,11265
6/24/2020,Cattaraugus,1,121,316,11581
6/25/2020,Cattaraugus,2,123,149,11730
6/26/2020,Cattaraugus,0,123,389,12119
6/27/2020,Cattaraugus,0,123,107,12226
6/28/2020,Cattaraugus,0,123,191,12417
6/29/2020,Cattaraugus,0,123,120,12537
6/30/2020,Cattaraugus,0,123,163,12700
7/1/2020,Cattaraugus,1,124,173,12873
7/2/2020,Cattaraugus,0,124,313,13186
7/3/2020,Cattaraugus,3,127,460,13646
7/4/2020,Cattaraugus,0,127,202,13848
7/5/2020,Cattaraugus,1,128,249,14097
7/6/2020,Cattaraugus,0,128,129,14226
7/7/2020,Cattaraugus,2,130,119,14345
7/8/2020,Cattaraugus,1,131,210,14555
7/9/2020,Cattaraugus,3,134,421,14976
7/10/2020,Cattaraugus,4,138,345,15321
7/11/2020,Cattaraugus,0,138,122,15443
7/12/2020,Cattaraugus,0,138,105,15548
7/13/2020,Cattaraugus,1,139,288,15836
7/14/2020,Cattaraugus,2,141,178,16014
3/2/2020,Cayuga,0,0,0,0
3/3/2020,Cayuga,0,0,0,0
3/4/2020,Cayuga,0,0,0,0
3/5/2020,Cayuga,0,0,0,0
3/6/2020,Cayuga,0,0,0,0
3/7/2020,Cayuga,0,0,0,0
3/8/2020,Cayuga,0,0,0,0
3/9/2020,Cayuga,0,0,0,0
3/10/2020,Cayuga,0,0,0,0
3/11/2020,Cayuga,0,0,0,0
3/12/2020,Cayuga,0,0,0,0
3/13/2020,Cayuga,0,0,0,0
3/14/2020,Cayuga,0,0,3,3
3/15/2020,Cayuga,0,0,1,4
3/16/2020,Cayuga,0,0,2,6
3/17/2020,Cayuga,0,0,2,8
3/18/2020,Cayuga,0,0,2,10
3/19/2020,Cayuga,0,0,3,13
3/20/2020,Cayuga,0,0,8,21
3/21/2020,Cayuga,0,0,25,46
3/22/2020,Cayuga,2,2,33,79
3/23/2020,Cayuga,0,2,10,89
3/24/2020,Cayuga,0,2,5,94
3/25/2020,Cayuga,0,2,13,107
3/26/2020,Cayuga,0,2,25,132
3/27/2020,Cayuga,0,2,26,158
3/28/2020,Cayuga,0,2,32,190
3/29/2020,Cayuga,1,3,37,227
3/30/2020,Cayuga,0,3,10,237
3/31/2020,Cayuga,0,3,9,246
4/1/2020,Cayuga,1,4,25,271
4/2/2020,Cayuga,2,6,36,307
4/3/2020,Cayuga,1,7,15,322
4/4/2020,Cayuga,1,8,32,354
4/5/2020,Cayuga,3,11,31,385
4/6/2020,Cayuga,3,14,33,418
4/7/2020,Cayuga,0,14,11,429
4/8/2020,Cayuga,2,16,37,466
4/9/2020,Cayuga,11,27,31,497
4/10/2020,Cayuga,1,28,5,502
4/11/2020,Cayuga,1,29,8,510
4/12/2020,Cayuga,1,30,5,515
4/13/2020,Cayuga,3,33,52,567
4/14/2020,Cayuga,3,36,10,577
4/15/2020,Cayuga,0,36,10,587
4/16/2020,Cayuga,0,36,1,588
4/17/2020,Cayuga,0,36,9,597
4/18/2020,Cayuga,0,36,9,606
4/19/2020,Cayuga,0,36,12,618
4/20/2020,Cayuga,0,36,1,619
4/21/2020,Cayuga,0,36,3,622
4/22/2020,Cayuga,1,37,12,634
4/23/2020,Cayuga,2,39,14,648
4/24/2020,Cayuga,8,47,191,839
4/25/2020,Cayuga,0,47,19,858
4/26/2020,Cayuga,1,48,20,878
4/27/2020,Cayuga,0,48,20,898
4/28/2020,Cayuga,0,48,34,932
4/29/2020,Cayuga,0,48,25,957
4/30/2020,Cayuga,3,51,28,985
5/1/2020,Cayuga,0,51,17,1002
5/2/2020,Cayuga,0,51,14,1016
5/3/2020,Cayuga,0,51,10,1026
5/4/2020,Cayuga,0,51,22,1048
5/5/2020,Cayuga,0,51,19,1067
5/6/2020,Cayuga,1,52,25,1092
5/7/2020,Cayuga,0,52,20,1112
5/8/2020,Cayuga,1,53,61,1173
5/9/2020,Cayuga,5,58,23,1196
5/10/2020,Cayuga,2,60,48,1244
5/11/2020,Cayuga,0,60,23,1267
5/12/2020,Cayuga,0,60,45,1312
5/13/2020,Cayuga,0,60,104,1416
5/14/2020,Cayuga,1,61,261,1677
5/15/2020,Cayuga,2,63,111,1788
5/16/2020,Cayuga,0,63,79,1867
5/17/2020,Cayuga,2,65,189,2056
5/18/2020,Cayuga,3,68,68,2124
5/19/2020,Cayuga,0,68,106,2230
5/20/2020,Cayuga,4,72,105,2335
5/21/2020,Cayuga,1,73,245,2580
5/22/2020,Cayuga,3,76,356,2936
5/23/2020,Cayuga,1,77,143,3079
5/24/2020,Cayuga,0,77,176,3255
5/25/2020,Cayuga,1,78,76,3331
5/26/2020,Cayuga,2,80,117,3448
5/27/2020,Cayuga,4,84,101,3549
5/28/2020,Cayuga,5,89,383,3932
5/29/2020,Cayuga,1,90,374,4306
5/30/2020,Cayuga,1,91,249,4555
5/31/2020,Cayuga,1,92,289,4844
6/1/2020,Cayuga,1,93,250,5094
6/2/2020,Cayuga,3,96,288,5382
6/3/2020,Cayuga,0,96,375,5757
6/4/2020,Cayuga,2,98,375,6132
6/5/2020,Cayuga,2,100,299,6431
6/6/2020,Cayuga,1,101,233,6664
6/7/2020,Cayuga,0,101,465,7129
6/8/2020,Cayuga,1,102,231,7360
6/9/2020,Cayuga,0,102,231,7591
6/10/2020,Cayuga,0,102,152,7743
6/11/2020,Cayuga,1,103,337,8080
6/12/2020,Cayuga,0,103,170,8250
6/13/2020,Cayuga,3,106,432,8682
6/14/2020,Cayuga,0,106,106,8788
6/15/2020,Cayuga,0,106,169,8957
6/16/2020,Cayuga,0,106,142,9099
6/17/2020,Cayuga,0,106,98,9197
6/18/2020,Cayuga,1,107,476,9673
6/19/2020,Cayuga,1,108,225,9898
6/20/2020,Cayuga,0,108,420,10318
6/21/2020,Cayuga,0,108,101,10419
6/22/2020,Cayuga,0,108,193,10612
6/23/2020,Cayuga,1,109,144,10756
6/24/2020,Cayuga,0,109,116,10872
6/25/2020,Cayuga,0,109,200,11072
6/26/2020,Cayuga,2,111,285,11357
6/27/2020,Cayuga,2,113,338,11695
6/28/2020,Cayuga,1,114,277,11972
6/29/2020,Cayuga,1,115,184,12156
6/30/2020,Cayuga,4,119,121,12277
7/1/2020,Cayuga,0,119,126,12403
7/2/2020,Cayuga,1,120,194,12597
7/3/2020,Cayuga,0,120,308,12905
7/4/2020,Cayuga,0,120,97,13002
7/5/2020,Cayuga,2,122,75,13077
7/6/2020,Cayuga,0,122,188,13265
7/7/2020,Cayuga,0,122,262,13527
7/8/2020,Cayuga,2,124,240,13767
7/9/2020,Cayuga,0,124,291,14058
7/10/2020,Cayuga,2,126,236,14294
7/11/2020,Cayuga,0,126,308,14602
7/12/2020,Cayuga,0,126,154,14756
7/13/2020,Cayuga,1,127,362,15118
7/14/2020,Cayuga,1,128,190,15308
3/2/2020,Chautauqua,0,0,0,0
3/3/2020,Chautauqua,0,0,0,0
3/4/2020,Chautauqua,0,0,0,0
3/5/2020,Chautauqua,0,0,0,0
3/6/2020,Chautauqua,0,0,0,0
3/7/2020,Chautauqua,0,0,0,0
3/8/2020,Chautauqua,0,0,0,0
3/9/2020,Chautauqua,0,0,0,0
3/10/2020,Chautauqua,0,0,0,0
3/11/2020,Chautauqua,0,0,0,0
3/12/2020,Chautauqua,0,0,1,1
3/13/2020,Chautauqua,0,0,1,2
3/14/2020,Chautauqua,0,0,0,2
3/15/2020,Chautauqua,0,0,1,3
3/16/2020,Chautauqua,0,0,0,3
3/17/2020,Chautauqua,0,0,0,3
3/18/2020,Chautauqua,0,0,3,6
3/19/2020,Chautauqua,0,0,1,7
3/20/2020,Chautauqua,0,0,2,9
3/21/2020,Chautauqua,0,0,4,13
3/22/2020,Chautauqua,0,0,12,25
3/23/2020,Chautauqua,0,0,4,29
3/24/2020,Chautauqua,1,1,3,32
3/25/2020,Chautauqua,0,1,4,36
3/26/2020,Chautauqua,0,1,20,56
3/27/2020,Chautauqua,4,5,19,75
3/28/2020,Chautauqua,0,5,20,95
3/29/2020,Chautauqua,0,5,3,98
3/30/2020,Chautauqua,1,6,9,107
3/31/2020,Chautauqua,0,6,9,116
4/1/2020,Chautauqua,2,8,8,124
4/2/2020,Chautauqua,1,9,15,139
4/3/2020,Chautauqua,1,10,20,159
4/4/2020,Chautauqua,1,11,28,187
4/5/2020,Chautauqua,4,15,50,237
4/6/2020,Chautauqua,1,16,37,274
4/7/2020,Chautauqua,1,17,6,280
4/8/2020,Chautauqua,1,18,32,312
4/9/2020,Chautauqua,2,20,54,366
4/10/2020,Chautauqua,1,21,67,433
4/11/2020,Chautauqua,1,22,39,472
4/12/2020,Chautauqua,1,23,25,497
4/13/2020,Chautauqua,0,23,8,505
4/14/2020,Chautauqua,1,24,19,524
4/15/2020,Chautauqua,0,24,29,553
4/16/2020,Chautauqua,1,25,32,585
4/17/2020,Chautauqua,0,25,22,607
4/18/2020,Chautauqua,0,25,20,627
4/19/2020,Chautauqua,0,25,9,636
4/20/2020,Chautauqua,0,25,3,639
4/21/2020,Chautauqua,1,26,26,665
4/22/2020,Chautauqua,0,26,38,703
4/23/2020,Chautauqua,1,27,74,777
4/24/2020,Chautauqua,0,27,97,874
4/25/2020,Chautauqua,2,29,56,930
4/26/2020,Chautauqua,1,30,101,1031
4/27/2020,Chautauqua,0,30,26,1057
4/28/2020,Chautauqua,1,31,64,1121
4/29/2020,Chautauqua,2,33,39,1160
4/30/2020,Chautauqua,2,35,47,1207
5/1/2020,Chautauqua,0,35,53,1260
5/2/2020,Chautauqua,1,36,18,1278
5/3/2020,Chautauqua,1,37,9,1287
5/4/2020,Chautauqua,0,37,54,1341
5/5/2020,Chautauqua,1,38,88,1429
5/6/2020,Chautauqua,2,40,80,1509
5/7/2020,Chautauqua,0,40,51,1560
5/8/2020,Chautauqua,0,40,97,1657
5/9/2020,Chautauqua,1,41,58,1715
5/10/2020,Chautauqua,0,41,27,1742
5/11/2020,Chautauqua,1,42,49,1791
5/12/2020,Chautauqua,1,43,125,1916
5/13/2020,Chautauqua,1,44,125,2041
5/14/2020,Chautauqua,1,45,139,2180
5/15/2020,Chautauqua,3,48,60,2240
5/16/2020,Chautauqua,0,48,91,2331
5/17/2020,Chautauqua,1,49,63,2394
5/18/2020,Chautauqua,0,49,98,2492
5/19/2020,Chautauqua,1,50,90,2582
5/20/2020,Chautauqua,8,58,273,2855
5/21/2020,Chautauqua,5,63,190,3045
5/22/2020,Chautauqua,9,72,217,3262
5/23/2020,Chautauqua,3,75,134,3396
5/24/2020,Chautauqua,0,75,38,3434
5/25/2020,Chautauqua,2,77,94,3528
5/26/2020,Chautauqua,1,78,145,3673
5/27/2020,Chautauqua,3,81,129,3802
5/28/2020,Chautauqua,1,82,637,4439
5/29/2020,Chautauqua,1,83,272,4711
5/30/2020,Chautauqua,1,84,637,5348
5/31/2020,Chautauqua,1,85,253,5601
6/1/2020,Chautauqua,1,86,184,5785
6/2/2020,Chautauqua,3,89,277,6062
6/3/2020,Chautauqua,6,95,604,6666
6/4/2020,Chautauqua,2,97,522,7188
6/5/2020,Chautauqua,2,99,364,7552
6/6/2020,Chautauqua,2,101,1131,8683
6/7/2020,Chautauqua,0,101,343,9026
6/8/2020,Chautauqua,2,103,250,9276
6/9/2020,Chautauqua,2,105,308,9584
6/10/2020,Chautauqua,1,106,778,10362
6/11/2020,Chautauqua,0,106,487,10849
6/12/2020,Chautauqua,0,106,370,11219
6/13/2020,Chautauqua,1,107,723,11942
6/14/2020,Chautauqua,0,107,261,12203
6/15/2020,Chautauqua,1,108,607,12810
6/16/2020,Chautauqua,0,108,439,13249
6/17/2020,Chautauqua,2,110,511,13760
6/18/2020,Chautauqua,2,112,407,14167
6/19/2020,Chautauqua,3,115,281,14448
6/20/2020,Chautauqua,1,116,511,14959
6/21/2020,Chautauqua,0,116,318,15277
6/22/2020,Chautauqua,0,116,393,15670
6/23/2020,Chautauqua,2,118,316,15986
6/24/2020,Chautauqua,3,121,332,16318
6/25/2020,Chautauqua,1,122,586,16904
6/26/2020,Chautauqua,1,123,207,17111
6/27/2020,Chautauqua,0,123,284,17395
6/28/2020,Chautauqua,0,123,372,17767
6/29/2020,Chautauqua,4,127,568,18335
6/30/2020,Chautauqua,0,127,492,18827
7/1/2020,Chautauqua,0,127,292,19119
7/2/2020,Chautauqua,2,129,227,19346
7/3/2020,Chautauqua,2,131,107,19453
7/4/2020,Chautauqua,1,132,287,19740
7/5/2020,Chautauqua,2,134,582,20322
7/6/2020,Chautauqua,1,135,428,20750
7/7/2020,Chautauqua,14,149,318,21068
7/8/2020,Chautauqua,3,152,193,21261
7/9/2020,Chautauqua,3,155,606,21867
7/10/2020,Chautauqua,15,170,352,22219
7/11/2020,Chautauqua,0,170,267,22486
7/12/2020,Chautauqua,1,171,192,22678
7/13/2020,Chautauqua,9,180,573,23251
7/14/2020,Chautauqua,6,186,479,23730
3/2/2020,Chemung,0,0,0,0
3/3/2020,Chemung,0,0,0,0
3/4/2020,Chemung,0,0,0,0
3/5/2020,Chemung,0,0,0,0
3/6/2020,Chemung,0,0,0,0
3/7/2020,Chemung,0,0,0,0
3/8/2020,Chemung,0,0,0,0
3/9/2020,Chemung,0,0,0,0
3/10/2020,Chemung,0,0,1,1
3/11/2020,Chemung,0,0,0,1
3/12/2020,Chemung,0,0,0,1
3/13/2020,Chemung,0,0,0,1
3/14/2020,Chemung,0,0,0,1
3/15/2020,Chemung,0,0,1,2
3/16/2020,Chemung,0,0,0,2
3/17/2020,Chemung,0,0,0,2
3/18/2020,Chemung,0,0,2,4
3/19/2020,Chemung,0,0,6,10
3/20/2020,Chemung,0,0,10,20
3/21/2020,Chemung,0,0,2,22
3/22/2020,Chemung,0,0,17,39
3/23/2020,Chemung,1,1,17,56
3/24/2020,Chemung,0,1,5,61
3/25/2020,Chemung,6,7,57,118
3/26/2020,Chemung,4,11,48,166
3/27/2020,Chemung,1,12,48,214
3/28/2020,Chemung,3,15,25,239
3/29/2020,Chemung,0,15,7,246
3/30/2020,Chemung,5,20,47,293
3/31/2020,Chemung,2,22,42,335
4/1/2020,Chemung,0,22,14,349
4/2/2020,Chemung,13,35,84,433
4/3/2020,Chemung,1,36,28,461
4/4/2020,Chemung,2,38,35,496
4/5/2020,Chemung,9,47,50,546
4/6/2020,Chemung,2,49,22,568
4/7/2020,Chemung,6,55,56,624
4/8/2020,Chemung,4,59,38,662
4/9/2020,Chemung,0,59,39,701
4/10/2020,Chemung,1,60,26,727
4/11/2020,Chemung,0,60,6,733
4/12/2020,Chemung,0,60,9,742
4/13/2020,Chemung,4,64,40,782
4/14/2020,Chemung,5,69,43,825
4/15/2020,Chemung,1,70,18,843
4/16/2020,Chemung,1,71,9,852
4/17/2020,Chemung,1,72,32,884
4/18/2020,Chemung,1,73,15,899
4/19/2020,Chemung,0,73,17,916
4/20/2020,Chemung,2,75,32,948
4/21/2020,Chemung,0,75,38,986
4/22/2020,Chemung,1,76,29,1015
4/23/2020,Chemung,3,79,39,1054
4/24/2020,Chemung,24,103,228,1282
4/25/2020,Chemung,3,106,17,1299
4/26/2020,Chemung,2,108,20,1319
4/27/2020,Chemung,5,113,64,1383
4/28/2020,Chemung,6,119,96,1479
4/29/2020,Chemung,3,122,84,1563
4/30/2020,Chemung,1,123,54,1617
5/1/2020,Chemung,1,124,36,1653
5/2/2020,Chemung,1,125,26,1679
5/3/2020,Chemung,1,126,244,1923
5/4/2020,Chemung,0,126,154,2077
5/5/2020,Chemung,2,128,143,2220
5/6/2020,Chemung,1,129,89,2309
5/7/2020,Chemung,1,130,46,2355
5/8/2020,Chemung,1,131,108,2463
5/9/2020,Chemung,0,131,125,2588
5/10/2020,Chemung,0,131,174,2762
5/11/2020,Chemung,0,131,68,2830
5/12/2020,Chemung,1,132,282,3112
5/13/2020,Chemung,0,132,312,3424
5/14/2020,Chemung,1,133,234,3658
5/15/2020,Chemung,1,134,240,3898
5/16/2020,Chemung,0,134,106,4004
5/17/2020,Chemung,0,134,68,4072
5/18/2020,Chemung,0,134,118,4190
5/19/2020,Chemung,0,134,113,4303
5/20/2020,Chemung,0,134,91,4394
5/21/2020,Chemung,1,135,141,4535
5/22/2020,Chemung,1,136,233,4768
5/23/2020,Chemung,0,136,215,4983
5/24/2020,Chemung,0,136,196,5179
5/25/2020,Chemung,0,136,96,5275
5/26/2020,Chemung,0,136,295,5570
5/27/2020,Chemung,0,136,63,5633
5/28/2020,Chemung,1,137,99,5732
5/29/2020,Chemung,0,137,451,6183
5/30/2020,Chemung,0,137,337,6520
5/31/2020,Chemung,0,137,73,6593
6/1/2020,Chemung,0,137,145,6738
6/2/2020,Chemung,0,137,247,6985
6/3/2020,Chemung,0,137,219,7204
6/4/2020,Chemung,0,137,114,7318
6/5/2020,Chemung,0,137,853,8171
6/6/2020,Chemung,0,137,263,8434
6/7/2020,Chemung,0,137,217,8651
6/8/2020,Chemung,1,138,544,9195
6/9/2020,Chemung,0,138,296,9491
6/10/2020,Chemung,0,138,437,9928
6/11/2020,Chemung,0,138,169,10097
6/12/2020,Chemung,0,138,380,10477
6/13/2020,Chemung,0,138,157,10634
6/14/2020,Chemung,0,138,106,10740
6/15/2020,Chemung,0,138,219,10959
6/16/2020,Chemung,0,138,325,11284
6/17/2020,Chemung,0,138,317,11601
6/18/2020,Chemung,1,139,372,11973
6/19/2020,Chemung,0,139,267,12240
6/20/2020,Chemung,0,139,108,12348
6/21/2020,Chemung,0,139,198,12546
6/22/2020,Chemung,0,139,237,12783
6/23/2020,Chemung,0,139,275,13058
6/24/2020,Chemung,0,139,306,13364
6/25/2020,Chemung,0,139,148,13512
6/26/2020,Chemung,0,139,340,13852
6/27/2020,Chemung,1,140,276,14128
6/28/2020,Chemung,0,140,231,14359
6/29/2020,Chemung,1,141,167,14526
6/30/2020,Chemung,3,144,278,14804
7/1/2020,Chemung,0,144,194,14998
7/2/2020,Chemung,1,145,205,15203
7/3/2020,Chemung,1,146,419,15622
7/4/2020,Chemung,0,146,257,15879
7/5/2020,Chemung,0,146,250,16129
7/6/2020,Chemung,1,147,244,16373
7/7/2020,Chemung,0,147,276,16649
7/8/2020,Chemung,1,148,179,16828
7/9/2020,Chemung,0,148,308,17136
7/10/2020,Chemung,0,148,268,17404
7/11/2020,Chemung,0,148,378,17782
7/12/2020,Chemung,0,148,190,17972
7/13/2020,Chemung,1,149,332,18304
7/14/2020,Chemung,2,151,464,18768
3/2/2020,Chenango,0,0,0,0
3/3/2020,Chenango,0,0,0,0
3/4/2020,Chenango,0,0,0,0
3/5/2020,Chenango,0,0,0,0
3/6/2020,Chenango,0,0,0,0
3/7/2020,Chenango,0,0,0,0
3/8/2020,Chenango,0,0,0,0
3/9/2020,Chenango,0,0,0,0
3/10/2020,Chenango,0,0,0,0
3/11/2020,Chenango,0,0,0,0
3/12/2020,Chenango,0,0,0,0
3/13/2020,Chenango,0,0,0,0
3/14/2020,Chenango,0,0,0,0
3/15/2020,Chenango,0,0,1,1
3/16/2020,Chenango,0,0,2,3
3/17/2020,Chenango,1,1,1,4
3/18/2020,Chenango,1,2,1,5
3/19/2020,Chenango,0,2,0,5
3/20/2020,Chenango,0,2,4,9
3/21/2020,Chenango,1,3,4,13
3/22/2020,Chenango,0,3,2,15
3/23/2020,Chenango,0,3,3,18
3/24/2020,Chenango,0,3,6,24
3/25/2020,Chenango,0,3,1,25
3/26/2020,Chenango,1,4,6,31
3/27/2020,Chenango,4,8,13,44
3/28/2020,Chenango,7,15,15,59
3/29/2020,Chenango,2,17,7,66
3/30/2020,Chenango,2,19,9,75
3/31/2020,Chenango,7,26,20,95
4/1/2020,Chenango,2,28,16,111
4/2/2020,Chenango,4,32,17,128
4/3/2020,Chenango,7,39,40,168
4/4/2020,Chenango,4,43,17,185
4/5/2020,Chenango,3,46,27,212
4/6/2020,Chenango,5,51,42,254
4/7/2020,Chenango,2,53,11,265
4/8/2020,Chenango,2,55,21,286
4/9/2020,Chenango,5,60,29,315
4/10/2020,Chenango,1,61,17,332
4/11/2020,Chenango,2,63,12,344
4/12/2020,Chenango,2,65,17,361
4/13/2020,Chenango,3,68,36,397
4/14/2020,Chenango,3,71,17,414
4/15/2020,Chenango,2,73,21,435
4/16/2020,Chenango,3,76,16,451
4/17/2020,Chenango,1,77,11,462
4/18/2020,Chenango,1,78,13,475
4/19/2020,Chenango,0,78,11,486
4/20/2020,Chenango,1,79,7,493
4/21/2020,Chenango,0,79,17,510
4/22/2020,Chenango,3,82,20,530
4/23/2020,Chenango,2,84,20,550
4/24/2020,Chenango,7,91,144,694
4/25/2020,Chenango,2,93,19,713
4/26/2020,Chenango,2,95,23,736
4/27/2020,Chenango,0,95,10,746
4/28/2020,Chenango,1,96,18,764
4/29/2020,Chenango,2,98,25,789
4/30/2020,Chenango,1,99,21,810
5/1/2020,Chenango,0,99,35,845
5/2/2020,Chenango,0,99,36,881
5/3/2020,Chenango,1,100,50,931
5/4/2020,Chenango,0,100,42,973
5/5/2020,Chenango,2,102,51,1024
5/6/2020,Chenango,3,105,50,1074
5/7/2020,Chenango,0,105,26,1100
5/8/2020,Chenango,4,109,181,1281
5/9/2020,Chenango,0,109,45,1326
5/10/2020,Chenango,2,111,107,1433
5/11/2020,Chenango,1,112,197,1630
5/12/2020,Chenango,0,112,83,1713
5/13/2020,Chenango,0,112,41,1754
5/14/2020,Chenango,1,113,45,1799
5/15/2020,Chenango,2,115,54,1853
5/16/2020,Chenango,2,117,50,1903
5/17/2020,Chenango,1,118,62,1965
5/18/2020,Chenango,0,118,67,2032
5/19/2020,Chenango,0,118,54,2086
5/20/2020,Chenango,0,118,150,2236
5/21/2020,Chenango,0,118,219,2455
5/22/2020,Chenango,0,118,143,2598
5/23/2020,Chenango,0,118,226,2824
5/24/2020,Chenango,1,119,217,3041
5/25/2020,Chenango,4,123,221,3262
5/26/2020,Chenango,2,125,122,3384
5/27/2020,Chenango,1,126,139,3523
5/28/2020,Chenango,4,130,168,3691
5/29/2020,Chenango,2,132,199,3890
5/30/2020,Chenango,1,133,404,4294
5/31/2020,Chenango,0,133,173,4467
6/1/2020,Chenango,0,133,190,4657
6/2/2020,Chenango,0,133,245,4902
6/3/2020,Chenango,0,133,193,5095
6/4/2020,Chenango,0,133,329,5424
6/5/2020,Chenango,0,133,252,5676
6/6/2020,Chenango,1,134,233,5909
6/7/2020,Chenango,1,135,313,6222
6/8/2020,Chenango,0,135,177,6399
6/9/2020,Chenango,2,137,234,6633
6/10/2020,Chenango,0,137,264,6897
6/11/2020,Chenango,1,138,273,7170
6/12/2020,Chenango,0,138,188,7358
6/13/2020,Chenango,0,138,219,7577
6/14/2020,Chenango,0,138,79,7656
6/15/2020,Chenango,1,139,213,7869
6/16/2020,Chenango,0,139,175,8044
6/17/2020,Chenango,0,139,281,8325
6/18/2020,Chenango,0,139,359,8684
6/19/2020,Chenango,0,139,169,8853
6/20/2020,Chenango,0,139,348,9201
6/21/2020,Chenango,1,140,134,9335
6/22/2020,Chenango,1,141,273,9608
6/23/2020,Chenango,1,142,83,9691
6/24/2020,Chenango,2,144,217,9908
6/25/2020,Chenango,1,145,300,10208
6/26/2020,Chenango,1,146,199,10407
6/27/2020,Chenango,0,146,234,10641
6/28/2020,Chenango,0,146,162,10803
6/29/2020,Chenango,0,146,104,10907
6/30/2020,Chenango,0,146,119,11026
7/1/2020,Chenango,2,148,231,11257
7/2/2020,Chenango,0,148,256,11513
7/3/2020,Chenango,1,149,115,11628
7/4/2020,Chenango,1,150,89,11717
7/5/2020,Chenango,6,156,433,12150
7/6/2020,Chenango,1,157,225,12375
7/7/2020,Chenango,2,159,83,12458
7/8/2020,Chenango,4,163,87,12545
7/9/2020,Chenango,3,166,208,12753
7/10/2020,Chenango,0,166,133,12886
7/11/2020,Chenango,0,166,162,13048
7/12/2020,Chenango,3,169,188,13236
7/13/2020,Chenango,2,171,282,13518
7/14/2020,Chenango,4,175,209,13727
3/2/2020,Clinton,0,0,0,0
3/3/2020,Clinton,0,0,0,0
3/4/2020,Clinton,0,0,0,0
3/5/2020,Clinton,0,0,0,0
3/6/2020,Clinton,0,0,0,0
3/7/2020,Clinton,0,0,0,0
3/8/2020,Clinton,0,0,0,0
3/9/2020,Clinton,0,0,0,0
3/10/2020,Clinton,0,0,0,0
3/11/2020,Clinton,0,0,4,4
3/12/2020,Clinton,0,0,3,7
3/13/2020,Clinton,0,0,1,8
3/14/2020,Clinton,0,0,1,9
3/15/2020,Clinton,0,0,0,9
3/16/2020,Clinton,1,1,1,10
3/17/2020,Clinton,0,1,3,13
3/18/2020,Clinton,1,2,21,34
3/19/2020,Clinton,0,2,9,43
3/20/2020,Clinton,2,4,12,55
3/21/2020,Clinton,0,4,2,57
3/22/2020,Clinton,2,6,12,69
3/23/2020,Clinton,2,8,17,86
3/24/2020,Clinton,2,10,14,100
3/25/2020,Clinton,1,11,16,116
3/26/2020,Clinton,0,11,6,122
3/27/2020,Clinton,1,12,22,144
3/28/2020,Clinton,1,13,18,162
3/29/2020,Clinton,4,17,19,181
3/30/2020,Clinton,4,21,9,190
3/31/2020,Clinton,4,25,21,211
4/1/2020,Clinton,0,25,5,216
4/2/2020,Clinton,5,30,16,232
4/3/2020,Clinton,1,31,11,243
4/4/2020,Clinton,2,33,23,266
4/5/2020,Clinton,3,36,14,280
4/6/2020,Clinton,1,37,16,296
4/7/2020,Clinton,2,39,25,321
4/8/2020,Clinton,1,40,25,346
4/9/2020,Clinton,3,43,17,363
4/10/2020,Clinton,0,43,23,386
4/11/2020,Clinton,0,43,25,411
4/12/2020,Clinton,1,44,9,420
4/13/2020,Clinton,1,45,23,443
4/14/2020,Clinton,0,45,8,451
4/15/2020,Clinton,1,46,17,468
4/16/2020,Clinton,1,47,21,489
4/17/2020,Clinton,1,48,16,505
4/18/2020,Clinton,1,49,12,517
4/19/2020,Clinton,2,51,10,527
4/20/2020,Clinton,0,51,17,544
4/21/2020,Clinton,0,51,4,548
4/22/2020,Clinton,1,52,11,559
4/23/2020,Clinton,1,53,14,573
4/24/2020,Clinton,1,54,39,612
4/25/2020,Clinton,3,57,28,640
4/26/2020,Clinton,2,59,30,670
4/27/2020,Clinton,0,59,15,685
4/28/2020,Clinton,0,59,23,708
4/29/2020,Clinton,0,59,40,748
4/30/2020,Clinton,2,61,48,796
5/1/2020,Clinton,1,62,35,831
5/2/2020,Clinton,4,66,33,864
5/3/2020,Clinton,2,68,21,885
5/4/2020,Clinton,1,69,27,912
5/5/2020,Clinton,0,69,25,937
5/6/2020,Clinton,0,69,22,959
5/7/2020,Clinton,5,74,72,1031
5/8/2020,Clinton,2,76,27,1058
5/9/2020,Clinton,0,76,33,1091
5/10/2020,Clinton,0,76,53,1144
5/11/2020,Clinton,1,77,38,1182
5/12/2020,Clinton,1,78,53,1235
5/13/2020,Clinton,3,81,123,1358
5/14/2020,Clinton,4,85,126,1484
5/15/2020,Clinton,6,91,150,1634
5/16/2020,Clinton,1,92,88,1722
5/17/2020,Clinton,2,94,155,1877
5/18/2020,Clinton,0,94,59,1936
5/19/2020,Clinton,0,94,58,1994
5/20/2020,Clinton,0,94,204,2198
5/21/2020,Clinton,0,94,131,2329
5/22/2020,Clinton,1,95,135,2464
5/23/2020,Clinton,0,95,131,2595
5/24/2020,Clinton,0,95,70,2665
5/25/2020,Clinton,0,95,108,2773
5/26/2020,Clinton,0,95,51,2824
5/27/2020,Clinton,0,95,201,3025
5/28/2020,Clinton,0,95,226,3251
5/29/2020,Clinton,0,95,441,3692
5/30/2020,Clinton,0,95,329,4021
5/31/2020,Clinton,1,96,146,4167
6/1/2020,Clinton,1,97,147,4314
6/2/2020,Clinton,0,97,309,4623
6/3/2020,Clinton,0,97,632,5255
6/4/2020,Clinton,0,97,319,5574
6/5/2020,Clinton,0,97,421,5995
6/6/2020,Clinton,0,97,305,6300
6/7/2020,Clinton,0,97,220,6520
6/8/2020,Clinton,0,97,105,6625
6/9/2020,Clinton,0,97,306,6931
6/10/2020,Clinton,1,98,268,7199
6/11/2020,Clinton,0,98,350,7549
6/12/2020,Clinton,0,98,285,7834
6/13/2020,Clinton,0,98,187,8021
6/14/2020,Clinton,0,98,137,8158
6/15/2020,Clinton,1,99,225,8383
6/16/2020,Clinton,0,99,242,8625
6/17/2020,Clinton,0,99,252,8877
6/18/2020,Clinton,0,99,251,9128
6/19/2020,Clinton,1,100,325,9453
6/20/2020,Clinton,0,100,112,9565
6/21/2020,Clinton,0,100,192,9757
6/22/2020,Clinton,0,100,167,9924
6/23/2020,Clinton,0,100,184,10108
6/24/2020,Clinton,1,101,312,10420
6/25/2020,Clinton,0,101,153,10573
6/26/2020,Clinton,0,101,264,10837
6/27/2020,Clinton,0,101,226,11063
6/28/2020,Clinton,0,101,160,11223
6/29/2020,Clinton,0,101,133,11356
6/30/2020,Clinton,0,101,287,11643
7/1/2020,Clinton,0,101,254,11897
7/2/2020,Clinton,0,101,156,12053
7/3/2020,Clinton,0,101,114,12167
7/4/2020,Clinton,2,103,183,12350
7/5/2020,Clinton,0,103,140,12490
7/6/2020,Clinton,2,105,295,12785
7/7/2020,Clinton,1,106,186,12971
7/8/2020,Clinton,1,107,339,13310
7/9/2020,Clinton,0,107,278,13588
7/10/2020,Clinton,1,108,211,13799
7/11/2020,Clinton,1,109,190,13989
7/12/2020,Clinton,0,109,178,14167
7/13/2020,Clinton,1,110,280,14447
7/14/2020,Clinton,1,111,215,14662
3/2/2020,Columbia,0,0,0,0
3/3/2020,Columbia,0,0,0,0
3/4/2020,Columbia,0,0,0,0
3/5/2020,Columbia,0,0,0,0
3/6/2020,Columbia,0,0,0,0
3/7/2020,Columbia,0,0,0,0
3/8/2020,Columbia,0,0,1,1
3/9/2020,Columbia,0,0,0,1
3/10/2020,Columbia,0,0,0,1
3/11/2020,Columbia,0,0,2,3
3/12/2020,Columbia,0,0,2,5
3/13/2020,Columbia,0,0,1,6
3/14/2020,Columbia,0,0,4,10
3/15/2020,Columbia,0,0,2,12
3/16/2020,Columbia,0,0,13,25
3/17/2020,Columbia,0,0,14,39
3/18/2020,Columbia,0,0,32,71
3/19/2020,Columbia,1,1,24,95
3/20/2020,Columbia,1,2,35,130
3/21/2020,Columbia,3,5,52,182
3/22/2020,Columbia,5,10,48,230
3/23/2020,Columbia,1,11,10,240
3/24/2020,Columbia,1,12,15,255
3/25/2020,Columbia,1,13,22,277
3/26/2020,Columbia,7,20,20,297
3/27/2020,Columbia,2,22,15,312
3/28/2020,Columbia,1,23,11,323
3/29/2020,Columbia,3,26,26,349
3/30/2020,Columbia,4,30,14,363
3/31/2020,Columbia,1,31,12,375
4/1/2020,Columbia,5,36,21,396
4/2/2020,Columbia,6,42,22,418
4/3/2020,Columbia,7,49,20,438
4/4/2020,Columbia,2,51,15,453
4/5/2020,Columbia,8,59,23,476
4/6/2020,Columbia,2,61,15,491
4/7/2020,Columbia,2,63,8,499
4/8/2020,Columbia,7,70,27,526
4/9/2020,Columbia,4,74,55,581
4/10/2020,Columbia,3,77,30,611
4/11/2020,Columbia,2,79,35,646
4/12/2020,Columbia,1,80,27,673
4/13/2020,Columbia,4,84,30,703
4/14/2020,Columbia,12,96,55,758
4/15/2020,Columbia,3,99,28,786
4/16/2020,Columbia,2,101,20,806
4/17/2020,Columbia,4,105,32,838
4/18/2020,Columbia,2,107,34,872
4/19/2020,Columbia,4,111,17,889
4/20/2020,Columbia,2,113,24,913
4/21/2020,Columbia,4,117,34,947
4/22/2020,Columbia,6,123,35,982
4/23/2020,Columbia,6,129,35,1017
4/24/2020,Columbia,11,140,105,1122
4/25/2020,Columbia,3,143,27,1149
4/26/2020,Columbia,3,146,22,1171
4/27/2020,Columbia,8,154,33,1204
4/28/2020,Columbia,11,165,37,1241
4/29/2020,Columbia,5,170,61,1302
4/30/2020,Columbia,32,202,76,1378
5/1/2020,Columbia,3,205,37,1415
5/2/2020,Columbia,4,209,57,1472
5/3/2020,Columbia,4,213,38,1510
5/4/2020,Columbia,16,229,79,1589
5/5/2020,Columbia,62,291,188,1777
5/6/2020,Columbia,11,302,58,1835
5/7/2020,Columbia,2,304,70,1905
5/8/2020,Columbia,0,304,42,1947
5/9/2020,Columbia,8,312,264,2211
5/10/2020,Columbia,2,314,41,2252
5/11/2020,Columbia,0,314,55,2307
5/12/2020,Columbia,4,318,85,2392
5/13/2020,Columbia,9,327,100,2492
5/14/2020,Columbia,6,333,95,2587
5/15/2020,Columbia,5,338,71,2658
5/16/2020,Columbia,2,340,68,2726
5/17/2020,Columbia,6,346,86,2812
5/18/2020,Columbia,4,350,39,2851
5/19/2020,Columbia,0,350,107,2958
5/20/2020,Columbia,5,355,128,3086
5/21/2020,Columbia,1,356,78,3164
5/22/2020,Columbia,3,359,96,3260
5/23/2020,Columbia,6,365,94,3354
5/24/2020,Columbia,7,372,134,3488
5/25/2020,Columbia,1,373,145,3633
5/26/2020,Columbia,7,380,62,3695
5/27/2020,Columbia,0,380,145,3840
5/28/2020,Columbia,2,382,159,3999
5/29/2020,Columbia,1,383,125,4124
5/30/2020,Columbia,4,387,211,4335
5/31/2020,Columbia,2,389,94,4429
6/1/2020,Columbia,2,391,167,4596
6/2/2020,Columbia,8,399,393,4989
6/3/2020,Columbia,1,400,276,5265
6/4/2020,Columbia,11,411,269,5534
6/5/2020,Columbia,1,412,225,5759
6/6/2020,Columbia,2,414,211,5970
6/7/2020,Columbia,0,414,144,6114
6/8/2020,Columbia,0,414,145,6259
6/9/2020,Columbia,6,420,310,6569
6/10/2020,Columbia,4,424,233,6802
6/11/2020,Columbia,4,428,412,7214
6/12/2020,Columbia,3,431,176,7390
6/13/2020,Columbia,5,436,198,7588
6/14/2020,Columbia,3,439,95,7683
6/15/2020,Columbia,3,442,198,7881
6/16/2020,Columbia,0,442,134,8015
6/17/2020,Columbia,1,443,189,8204
6/18/2020,Columbia,3,446,454,8658
6/19/2020,Columbia,5,451,335,8993
6/20/2020,Columbia,0,451,182,9175
6/21/2020,Columbia,1,452,146,9321
6/22/2020,Columbia,2,454,106,9427
6/23/2020,Columbia,0,454,174,9601
6/24/2020,Columbia,1,455,300,9901
6/25/2020,Columbia,5,460,447,10348
6/26/2020,Columbia,1,461,179,10527
6/27/2020,Columbia,2,463,165,10692
6/28/2020,Columbia,0,463,96,10788
6/29/2020,Columbia,1,464,221,11009
6/30/2020,Columbia,2,466,136,11145
7/1/2020,Columbia,6,472,289,11434
7/2/2020,Columbia,2,474,234,11668
7/3/2020,Columbia,0,474,150,11818
7/4/2020,Columbia,1,475,220,12038
7/5/2020,Columbia,2,477,247,12285
7/6/2020,Columbia,2,479,312,12597
7/7/2020,Columbia,3,482,291,12888
7/8/2020,Columbia,0,482,191,13079
7/9/2020,Columbia,0,482,212,13291
7/10/2020,Columbia,3,485,172,13463
7/11/2020,Columbia,1,486,189,13652
7/12/2020,Columbia,1,487,197,13849
7/13/2020,Columbia,2,489,289,14138
7/14/2020,Columbia,0,489,226,14364
3/2/2020,Cortland,0,0,0,0
3/3/2020,Cortland,0,0,0,0
3/4/2020,Cortland,0,0,0,0
3/5/2020,Cortland,0,0,0,0
3/6/2020,Cortland,0,0,0,0
3/7/2020,Cortland,0,0,1,1
3/8/2020,Cortland,0,0,0,1
3/9/2020,Cortland,0,0,0,1
3/10/2020,Cortland,0,0,0,1
3/11/2020,Cortland,0,0,0,1
3/12/2020,Cortland,0,0,0,1
3/13/2020,Cortland,0,0,0,1
3/14/2020,Cortland,0,0,1,2
3/15/2020,Cortland,0,0,0,2
3/16/2020,Cortland,0,0,2,4
3/17/2020,Cortland,0,0,1,5
3/18/2020,Cortland,0,0,1,6
3/19/2020,Cortland,0,0,7,13
3/20/2020,Cortland,0,0,15,28
3/21/2020,Cortland,1,1,17,45
3/22/2020,Cortland,1,2,55,100
3/23/2020,Cortland,0,2,30,130
3/24/2020,Cortland,0,2,3,133
3/25/2020,Cortland,0,2,41,174
3/26/2020,Cortland,2,4,34,208
3/27/2020,Cortland,1,5,45,253
3/28/2020,Cortland,1,6,28,281
3/29/2020,Cortland,2,8,48,329
3/30/2020,Cortland,0,8,9,338
3/31/2020,Cortland,0,8,12,350
4/1/2020,Cortland,0,8,42,392
4/2/2020,Cortland,2,10,54,446
4/3/2020,Cortland,0,10,32,478
4/4/2020,Cortland,0,10,38,516
4/5/2020,Cortland,3,13,42,558
4/6/2020,Cortland,3,16,25,583
4/7/2020,Cortland,0,16,18,601
4/8/2020,Cortland,0,16,41,642
4/9/2020,Cortland,1,17,25,667
4/10/2020,Cortland,0,17,20,687
4/11/2020,Cortland,1,18,18,705
4/12/2020,Cortland,2,20,18,723
4/13/2020,Cortland,2,22,38,761
4/14/2020,Cortland,1,23,6,767
4/15/2020,Cortland,1,24,17,784
4/16/2020,Cortland,1,25,13,797
4/17/2020,Cortland,0,25,19,816
4/18/2020,Cortland,0,25,11,827
4/19/2020,Cortland,0,25,12,839
4/20/2020,Cortland,0,25,2,841
4/21/2020,Cortland,0,25,5,846
4/22/2020,Cortland,0,25,30,876
4/23/2020,Cortland,0,25,30,906
4/24/2020,Cortland,3,28,109,1015
4/25/2020,Cortland,0,28,26,1041
4/26/2020,Cortland,0,28,16,1057
4/27/2020,Cortland,0,28,7,1064
4/28/2020,Cortland,0,28,22,1086
4/29/2020,Cortland,0,28,26,1112
4/30/2020,Cortland,0,28,31,1143
5/1/2020,Cortland,0,28,30,1173
5/2/2020,Cortland,0,28,16,1189
5/3/2020,Cortland,0,28,42,1231
5/4/2020,Cortland,0,28,12,1243
5/5/2020,Cortland,0,28,33,1276
5/6/2020,Cortland,1,29,27,1303
5/7/2020,Cortland,0,29,38,1341
5/8/2020,Cortland,0,29,96,1437
5/9/2020,Cortland,0,29,29,1466
5/10/2020,Cortland,0,29,27,1493
5/11/2020,Cortland,1,30,33,1526
5/12/2020,Cortland,1,31,40,1566
5/13/2020,Cortland,2,33,50,1616
5/14/2020,Cortland,0,33,95,1711
5/15/2020,Cortland,1,34,221,1932
5/16/2020,Cortland,0,34,140,2072
5/17/2020,Cortland,1,35,99,2171
5/18/2020,Cortland,1,36,62,2233
5/19/2020,Cortland,0,36,77,2310
5/20/2020,Cortland,0,36,144,2454
5/21/2020,Cortland,1,37,86,2540
5/22/2020,Cortland,1,38,223,2763
5/23/2020,Cortland,1,39,147,2910
5/24/2020,Cortland,0,39,221,3131
5/25/2020,Cortland,0,39,64,3195
5/26/2020,Cortland,0,39,82,3277
5/27/2020,Cortland,0,39,34,3311
5/28/2020,Cortland,0,39,207,3518
5/29/2020,Cortland,2,41,188,3706
5/30/2020,Cortland,0,41,261,3967
5/31/2020,Cortland,0,41,84,4051
6/1/2020,Cortland,0,41,128,4179
6/2/2020,Cortland,0,41,92,4271
6/3/2020,Cortland,0,41,130,4401
6/4/2020,Cortland,0,41,343,4744
6/5/2020,Cortland,0,41,294,5038
6/6/2020,Cortland,0,41,201,5239
6/7/2020,Cortland,1,42,179,5418
6/8/2020,Cortland,0,42,162,5580
6/9/2020,Cortland,0,42,153,5733
6/10/2020,Cortland,0,42,110,5843
6/11/2020,Cortland,0,42,258,6101
6/12/2020,Cortland,0,42,216,6317
6/13/2020,Cortland,0,42,174,6491
6/14/2020,Cortland,0,42,87,6578
6/15/2020,Cortland,0,42,155,6733
6/16/2020,Cortland,0,42,124,6857
6/17/2020,Cortland,2,44,107,6964
6/18/2020,Cortland,0,44,216,7180
6/19/2020,Cortland,0,44,251,7431
6/20/2020,Cortland,0,44,130,7561
6/21/2020,Cortland,0,44,84,7645
6/22/2020,Cortland,0,44,181,7826
6/23/2020,Cortland,0,44,90,7916
6/24/2020,Cortland,0,44,153,8069
6/25/2020,Cortland,0,44,106,8175
6/26/2020,Cortland,0,44,234,8409
6/27/2020,Cortland,2,46,234,8643
6/28/2020,Cortland,1,47,95,8738
6/29/2020,Cortland,0,47,144,8882
6/30/2020,Cortland,0,47,111,8993
7/1/2020,Cortland,0,47,138,9131
7/2/2020,Cortland,1,48,41,9172
7/3/2020,Cortland,2,50,135,9307
7/4/2020,Cortland,1,51,217,9524
7/5/2020,Cortland,1,52,55,9579
7/6/2020,Cortland,1,53,164,9743
7/7/2020,Cortland,1,54,137,9880
7/8/2020,Cortland,1,55,147,10027
7/9/2020,Cortland,1,56,92,10119
7/10/2020,Cortland,2,58,138,10257
7/11/2020,Cortland,0,58,278,10535
7/12/2020,Cortland,1,59,103,10638
7/13/2020,Cortland,0,59,143,10781
7/14/2020,Cortland,2,61,160,10941
3/2/2020,Delaware,0,0,0,0
3/3/2020,Delaware,0,0,0,0
3/4/2020,Delaware,0,0,0,0
3/5/2020,Delaware,0,0,0,0
3/6/2020,Delaware,0,0,0,0
3/7/2020,Delaware,0,0,0,0
3/8/2020,Delaware,0,0,0,0
3/9/2020,Delaware,0,0,1,1
3/10/2020,Delaware,0,0,1,2
3/11/2020,Delaware,0,0,2,4
3/12/2020,Delaware,1,1,1,5
3/13/2020,Delaware,0,1,1,6
3/14/2020,Delaware,0,1,1,7
3/15/2020,Delaware,0,1,5,12
3/16/2020,Delaware,0,1,0,12
3/17/2020,Delaware,0,1,0,12
3/18/2020,Delaware,0,1,1,13
3/19/2020,Delaware,0,1,4,17
3/20/2020,Delaware,0,1,8,25
3/21/2020,Delaware,2,3,10,35
3/22/2020,Delaware,0,3,10,45
3/23/2020,Delaware,0,3,5,50
3/24/2020,Delaware,2,5,5,55
3/25/2020,Delaware,2,7,12,67
3/26/2020,Delaware,1,8,7,74
3/27/2020,Delaware,0,8,13,87
3/28/2020,Delaware,0,8,4,91
3/29/2020,Delaware,3,11,12,103
3/30/2020,Delaware,5,16,11,114
3/31/2020,Delaware,4,20,13,127
4/1/2020,Delaware,2,22,7,134
4/2/2020,Delaware,2,24,9,143
4/3/2020,Delaware,2,26,18,161
4/4/2020,Delaware,1,27,12,173
4/5/2020,Delaware,2,29,28,201
4/6/2020,Delaware,7,36,30,231
4/7/2020,Delaware,1,37,16,247
4/8/2020,Delaware,0,37,22,269
4/9/2020,Delaware,2,39,20,289
4/10/2020,Delaware,0,39,17,306
4/11/2020,Delaware,0,39,10,316
4/12/2020,Delaware,3,42,14,330
4/13/2020,Delaware,3,45,48,378
4/14/2020,Delaware,1,46,7,385
4/15/2020,Delaware,1,47,9,394
4/16/2020,Delaware,1,48,10,404
4/17/2020,Delaware,1,49,8,412
4/18/2020,Delaware,0,49,10,422
4/19/2020,Delaware,0,49,5,427
4/20/2020,Delaware,0,49,3,430
4/21/2020,Delaware,1,50,18,448
4/22/2020,Delaware,0,50,21,469
4/23/2020,Delaware,1,51,15,484
4/24/2020,Delaware,7,58,135,619
4/25/2020,Delaware,0,58,35,654
4/26/2020,Delaware,0,58,21,675
4/27/2020,Delaware,1,59,16,691
4/28/2020,Delaware,1,60,14,705
4/29/2020,Delaware,1,61,24,729
4/30/2020,Delaware,0,61,24,753
5/1/2020,Delaware,0,61,29,782
5/2/2020,Delaware,0,61,28,810
5/3/2020,Delaware,1,62,54,864
5/4/2020,Delaware,0,62,31,895
5/5/2020,Delaware,0,62,30,925
5/6/2020,Delaware,1,63,30,955
5/7/2020,Delaware,0,63,24,979
5/8/2020,Delaware,0,63,30,1009
5/9/2020,Delaware,1,64,33,1042
5/10/2020,Delaware,1,65,19,1061
5/11/2020,Delaware,0,65,50,1111
5/12/2020,Delaware,1,66,53,1164
5/13/2020,Delaware,1,67,136,1300
5/14/2020,Delaware,0,67,120,1420
5/15/2020,Delaware,1,68,70,1490
5/16/2020,Delaware,1,69,51,1541
5/17/2020,Delaware,0,69,56,1597
5/18/2020,Delaware,0,69,65,1662
5/19/2020,Delaware,0,69,45,1707
5/20/2020,Delaware,2,71,65,1772
5/21/2020,Delaware,1,72,124,1896
5/22/2020,Delaware,2,74,51,1947
5/23/2020,Delaware,3,77,80,2027
5/24/2020,Delaware,0,77,44,2071
5/25/2020,Delaware,0,77,22,2093
5/26/2020,Delaware,1,78,205,2298
5/27/2020,Delaware,0,78,213,2511
5/28/2020,Delaware,1,79,156,2667
5/29/2020,Delaware,0,79,123,2790
5/30/2020,Delaware,0,79,209,2999
5/31/2020,Delaware,2,81,96,3095
6/1/2020,Delaware,1,82,138,3233
6/2/2020,Delaware,0,82,195,3428
6/3/2020,Delaware,0,82,171,3599
6/4/2020,Delaware,2,84,129,3728
6/5/2020,Delaware,1,85,217,3945
6/6/2020,Delaware,0,85,124,4069
6/7/2020,Delaware,0,85,164,4233
6/8/2020,Delaware,1,86,194,4427
6/9/2020,Delaware,1,87,198,4625
6/10/2020,Delaware,1,88,173,4798
6/11/2020,Delaware,0,88,92,4890
6/12/2020,Delaware,0,88,110,5000
6/13/2020,Delaware,0,88,181,5181
6/14/2020,Delaware,0,88,111,5292
6/15/2020,Delaware,0,88,206,5498
6/16/2020,Delaware,1,89,202,5700
6/17/2020,Delaware,0,89,116,5816
6/18/2020,Delaware,0,89,143,5959
6/19/2020,Delaware,1,90,144,6103
6/20/2020,Delaware,0,90,167,6270
6/21/2020,Delaware,0,90,134,6404
6/22/2020,Delaware,1,91,167,6571
6/23/2020,Delaware,0,91,91,6662
6/24/2020,Delaware,0,91,215,6877
6/25/2020,Delaware,0,91,69,6946
6/26/2020,Delaware,0,91,131,7077
6/27/2020,Delaware,0,91,220,7297
6/28/2020,Delaware,0,91,154,7451
6/29/2020,Delaware,0,91,147,7598
6/30/2020,Delaware,0,91,157,7755
7/1/2020,Delaware,0,91,106,7861
7/2/2020,Delaware,0,91,62,7923
7/3/2020,Delaware,0,91,73,7996
7/4/2020,Delaware,0,91,265,8261
7/5/2020,Delaware,0,91,85,8346
7/6/2020,Delaware,0,91,147,8493
7/7/2020,Delaware,0,91,50,8543
7/8/2020,Delaware,0,91,83,8626
7/9/2020,Delaware,0,91,78,8704
7/10/2020,Delaware,0,91,147,8851
7/11/2020,Delaware,1,92,247,9098
7/12/2020,Delaware,0,92,80,9178
7/13/2020,Delaware,0,92,111,9289
7/14/2020,Delaware,0,92,100,9389
3/2/2020,Dutchess,0,0,0,0
3/3/2020,Dutchess,0,0,0,0
3/4/2020,Dutchess,0,0,0,0
3/5/2020,Dutchess,0,0,0,0
3/6/2020,Dutchess,0,0,0,0
3/7/2020,Dutchess,0,0,0,0
3/8/2020,Dutchess,0,0,0,0
3/9/2020,Dutchess,0,0,0,0
3/10/2020,Dutchess,0,0,2,2
3/11/2020,Dutchess,1,1,5,7
3/12/2020,Dutchess,0,1,3,10
3/13/2020,Dutchess,2,3,10,20
3/14/2020,Dutchess,4,7,17,37
3/15/2020,Dutchess,3,10,20,57
3/16/2020,Dutchess,6,16,32,89
3/17/2020,Dutchess,4,20,23,112
3/18/2020,Dutchess,11,31,107,219
3/19/2020,Dutchess,5,36,59,278
3/20/2020,Dutchess,13,49,205,483
3/21/2020,Dutchess,33,82,205,688
3/22/2020,Dutchess,18,100,135,823
3/23/2020,Dutchess,24,124,111,934
3/24/2020,Dutchess,29,153,146,1080
3/25/2020,Dutchess,37,190,209,1289
3/26/2020,Dutchess,35,225,155,1444
3/27/2020,Dutchess,37,262,200,1644
3/28/2020,Dutchess,58,320,195,1839
3/29/2020,Dutchess,72,392,227,2066
3/30/2020,Dutchess,92,484,300,2366
3/31/2020,Dutchess,63,547,196,2562
4/1/2020,Dutchess,120,667,330,2892
4/2/2020,Dutchess,142,809,415,3307
4/3/2020,Dutchess,129,938,447,3754
4/4/2020,Dutchess,139,1077,352,4106
4/5/2020,Dutchess,112,1189,338,4444
4/6/2020,Dutchess,60,1249,335,4779
4/7/2020,Dutchess,146,1395,462,5241
4/8/2020,Dutchess,98,1493,512,5753
4/9/2020,Dutchess,105,1598,509,6262
4/10/2020,Dutchess,146,1744,584,6846
4/11/2020,Dutchess,94,1838,431,7277
4/12/2020,Dutchess,43,1881,499,7776
4/13/2020,Dutchess,53,1934,566,8342
4/14/2020,Dutchess,114,2048,487,8829
4/15/2020,Dutchess,37,2085,314,9143
4/16/2020,Dutchess,57,2142,300,9443
4/17/2020,Dutchess,59,2201,381,9824
4/18/2020,Dutchess,39,2240,196,10020
4/19/2020,Dutchess,44,2284,357,10377
4/20/2020,Dutchess,47,2331,209,10586
4/21/2020,Dutchess,60,2391,313,10899
4/22/2020,Dutchess,69,2460,366,11265
4/23/2020,Dutchess,57,2517,374,11639
4/24/2020,Dutchess,143,2660,913,12552
4/25/2020,Dutchess,69,2729,485,13037
4/26/2020,Dutchess,64,2793,389,13426
4/27/2020,Dutchess,24,2817,223,13649
4/28/2020,Dutchess,64,2881,566,14215
4/29/2020,Dutchess,73,2954,427,14642
4/30/2020,Dutchess,48,3002,443,15085
5/1/2020,Dutchess,47,3049,473,15558
5/2/2020,Dutchess,37,3086,434,15992
5/3/2020,Dutchess,45,3131,370,16362
5/4/2020,Dutchess,20,3151,307,16669
5/5/2020,Dutchess,41,3192,370,17039
5/6/2020,Dutchess,41,3233,438,17477
5/7/2020,Dutchess,44,3277,482,17959
5/8/2020,Dutchess,42,3319,534,18493
5/9/2020,Dutchess,40,3359,471,18964
5/10/2020,Dutchess,19,3378,348,19312
5/11/2020,Dutchess,21,3399,216,19528
5/12/2020,Dutchess,30,3429,387,19915
5/13/2020,Dutchess,45,3474,459,20374
5/14/2020,Dutchess,24,3498,394,20768
5/15/2020,Dutchess,29,3527,627,21395
5/16/2020,Dutchess,16,3543,491,21886
5/17/2020,Dutchess,9,3552,337,22223
5/18/2020,Dutchess,158,3710,972,23195
5/19/2020,Dutchess,14,3724,536,23731
5/20/2020,Dutchess,21,3745,573,24304
5/21/2020,Dutchess,22,3767,556,24860
5/22/2020,Dutchess,26,3793,549,25409
5/23/2020,Dutchess,14,3807,874,26283
5/24/2020,Dutchess,18,3825,650,26933
5/25/2020,Dutchess,9,3834,301,27234
5/26/2020,Dutchess,13,3847,423,27657
5/27/2020,Dutchess,20,3867,911,28568
5/28/2020,Dutchess,20,3887,1257,29825
5/29/2020,Dutchess,12,3899,1265,31090
5/30/2020,Dutchess,10,3909,765,31855
5/31/2020,Dutchess,15,3924,1034,32889
6/1/2020,Dutchess,12,3936,936,33825
6/2/2020,Dutchess,15,3951,1003,34828
6/3/2020,Dutchess,11,3962,771,35599
6/4/2020,Dutchess,22,3984,1166,36765
6/5/2020,Dutchess,11,3995,1072,37837
6/6/2020,Dutchess,5,4000,793,38630
6/7/2020,Dutchess,6,4006,906,39536
6/8/2020,Dutchess,10,4016,717,40253
6/9/2020,Dutchess,6,4022,944,41197
6/10/2020,Dutchess,5,4027,1072,42269
6/11/2020,Dutchess,8,4035,1046,43315
6/12/2020,Dutchess,14,4049,1186,44501
6/13/2020,Dutchess,7,4056,766,45267
6/14/2020,Dutchess,12,4068,1161,46428
6/15/2020,Dutchess,7,4075,817,47245
6/16/2020,Dutchess,2,4077,841,48086
6/17/2020,Dutchess,11,4088,1071,49157
6/18/2020,Dutchess,22,4110,1206,50363
6/19/2020,Dutchess,17,4127,978,51341
6/20/2020,Dutchess,11,4138,1101,52442
6/21/2020,Dutchess,7,4145,781,53223
6/22/2020,Dutchess,5,4150,494,53717
6/23/2020,Dutchess,8,4158,595,54312
6/24/2020,Dutchess,18,4176,1245,55557
6/25/2020,Dutchess,3,4179,958,56515
6/26/2020,Dutchess,12,4191,1099,57614
6/27/2020,Dutchess,7,4198,828,58442
6/28/2020,Dutchess,3,4201,773,59215
6/29/2020,Dutchess,6,4207,422,59637
6/30/2020,Dutchess,6,4213,1015,60652
7/1/2020,Dutchess,12,4225,973,61625
7/2/2020,Dutchess,6,4231,967,62592
7/3/2020,Dutchess,7,4238,828,63420
7/4/2020,Dutchess,5,4243,1123,64543
7/5/2020,Dutchess,3,4246,1096,65639
7/6/2020,Dutchess,2,4248,772,66411
7/7/2020,Dutchess,2,4250,699,67110
7/8/2020,Dutchess,5,4255,1052,68162
7/9/2020,Dutchess,7,4262,1041,69203
7/10/2020,Dutchess,7,4269,1229,70432
7/11/2020,Dutchess,7,4276,1047,71479
7/12/2020,Dutchess,4,4280,839,72318
7/13/2020,Dutchess,38,4318,1153,73471
7/14/2020,Dutchess,19,4337,907,74378
3/2/2020,Erie,0,0,0,0
3/3/2020,Erie,0,0,0,0
3/4/2020,Erie,0,0,6,6
3/5/2020,Erie,0,0,6,12
3/6/2020,Erie,0,0,0,12
3/7/2020,Erie,0,0,2,14
3/8/2020,Erie,0,0,1,15
3/9/2020,Erie,0,0,1,16
3/10/2020,Erie,0,0,2,18
3/11/2020,Erie,0,0,0,18
3/12/2020,Erie,0,0,13,31
3/13/2020,Erie,0,0,5,36
3/14/2020,Erie,3,3,22,58
3/15/2020,Erie,3,6,10,68
3/16/2020,Erie,1,7,2,70
3/17/2020,Erie,0,7,2,72
3/18/2020,Erie,21,28,130,202
3/19/2020,Erie,3,31,43,245
3/20/2020,Erie,7,38,55,300
3/21/2020,Erie,16,54,111,411
3/22/2020,Erie,33,87,247,658
3/23/2020,Erie,20,107,100,758
3/24/2020,Erie,15,122,114,872
3/25/2020,Erie,12,134,116,988
3/26/2020,Erie,85,219,348,1336
3/27/2020,Erie,99,318,370,1706
3/28/2020,Erie,40,358,126,1832
3/29/2020,Erie,18,376,67,1899
3/30/2020,Erie,62,438,189,2088
3/31/2020,Erie,26,464,119,2207
4/1/2020,Erie,153,617,571,2778
4/2/2020,Erie,103,720,429,3207
4/3/2020,Erie,88,808,317,3524
4/4/2020,Erie,110,918,402,3926
4/5/2020,Erie,105,1023,549,4475
4/6/2020,Erie,112,1135,396,4871
4/7/2020,Erie,70,1205,295,5166
4/8/2020,Erie,157,1362,458,5624
4/9/2020,Erie,47,1409,309,5933
4/10/2020,Erie,63,1472,297,6230
4/11/2020,Erie,99,1571,317,6547
4/12/2020,Erie,53,1624,182,6729
4/13/2020,Erie,44,1668,223,6952
4/14/2020,Erie,83,1751,326,7278
4/15/2020,Erie,99,1850,394,7672
4/16/2020,Erie,79,1929,348,8020
4/17/2020,Erie,68,1997,262,8282
4/18/2020,Erie,73,2070,367,8649
4/19/2020,Erie,39,2109,199,8848
4/20/2020,Erie,38,2147,258,9106
4/21/2020,Erie,86,2233,347,9453
4/22/2020,Erie,217,2450,1307,10760
4/23/2020,Erie,153,2603,982,11742
4/24/2020,Erie,170,2773,872,12614
4/25/2020,Erie,181,2954,795,13409
4/26/2020,Erie,67,3021,508,13917
4/27/2020,Erie,68,3089,586,14503
4/28/2020,Erie,107,3196,716,15219
4/29/2020,Erie,123,3319,885,16104
4/30/2020,Erie,162,3481,905,17009
5/1/2020,Erie,117,3598,1058,18067
5/2/2020,Erie,112,3710,799,18866
5/3/2020,Erie,92,3802,760,19626
5/4/2020,Erie,89,3891,779,20405
5/5/2020,Erie,117,4008,1498,21903
5/6/2020,Erie,128,4136,1164,23067
5/7/2020,Erie,119,4255,1008,24075
5/8/2020,Erie,82,4337,1049,25124
5/9/2020,Erie,116,4453,1231,26355
5/10/2020,Erie,30,4483,386,26741
5/11/2020,Erie,47,4530,696,27437
5/12/2020,Erie,76,4606,1591,29028
5/13/2020,Erie,65,4671,1664,30692
5/14/2020,Erie,111,4782,1690,32382
5/15/2020,Erie,85,4867,1164,33546
5/16/2020,Erie,87,4954,1827,35373
5/17/2020,Erie,39,4993,628,36001
5/18/2020,Erie,44,5037,934,36935
5/19/2020,Erie,94,5131,2198,39133
5/20/2020,Erie,139,5270,2974,42107
5/21/2020,Erie,127,5397,2175,44282
5/22/2020,Erie,155,5552,2767,47049
5/23/2020,Erie,74,5626,1742,48791
5/24/2020,Erie,74,5700,1718,50509
5/25/2020,Erie,53,5753,1334,51843
5/26/2020,Erie,57,5810,1572,53415
5/27/2020,Erie,76,5886,2367,55782
5/28/2020,Erie,49,5935,1944,57726
5/29/2020,Erie,79,6014,2434,60160
5/30/2020,Erie,56,6070,2402,62562
5/31/2020,Erie,53,6123,1951,64513
6/1/2020,Erie,50,6173,2225,66738
6/2/2020,Erie,61,6234,3364,70102
6/3/2020,Erie,74,6308,2639,72741
6/4/2020,Erie,51,6359,2896,75637
6/5/2020,Erie,70,6429,4101,79738
6/6/2020,Erie,57,6486,2102,81840
6/7/2020,Erie,45,6531,1670,83510
6/8/2020,Erie,64,6595,3600,87110
6/9/2020,Erie,21,6616,2358,89468
6/10/2020,Erie,43,6659,2427,91895
6/11/2020,Erie,58,6717,3047,94942
6/12/2020,Erie,36,6753,2819,97761
6/13/2020,Erie,32,6785,2624,100385
6/14/2020,Erie,32,6817,1796,102181
6/15/2020,Erie,35,6852,2174,104355
6/16/2020,Erie,30,6882,2419,106774
6/17/2020,Erie,38,6920,2888,109662
6/18/2020,Erie,35,6955,3405,113067
6/19/2020,Erie,25,6980,3055,116122
6/20/2020,Erie,24,7004,2204,118326
6/21/2020,Erie,31,7035,2224,120550
6/22/2020,Erie,38,7073,2083,122633
6/23/2020,Erie,35,7108,2861,125494
6/24/2020,Erie,30,7138,3065,128559
6/25/2020,Erie,43,7181,2620,131179
6/26/2020,Erie,25,7206,2428,133607
6/27/2020,Erie,22,7228,2116,135723
6/28/2020,Erie,21,7249,1787,137510
6/29/2020,Erie,43,7292,2534,140044
6/30/2020,Erie,45,7337,2670,142714
7/1/2020,Erie,33,7370,2959,145673
7/2/2020,Erie,57,7427,2920,148593
7/3/2020,Erie,35,7462,2542,151135
7/4/2020,Erie,13,7475,1775,152910
7/5/2020,Erie,25,7500,1603,154513
7/6/2020,Erie,44,7544,2750,157263
7/7/2020,Erie,52,7596,3240,160503
7/8/2020,Erie,28,7624,3212,163715
7/9/2020,Erie,36,7660,3299,167014
7/10/2020,Erie,51,7711,2752,169766
7/11/2020,Erie,31,7742,2421,172187
7/12/2020,Erie,24,7766,1765,173952
7/13/2020,Erie,67,7833,2651,176603
7/14/2020,Erie,58,7891,2975,179578
3/2/2020,Essex,0,0,0,0
3/3/2020,Essex,0,0,0,0
3/4/2020,Essex,0,0,0,0
3/5/2020,Essex,0,0,0,0
3/6/2020,Essex,0,0,0,0
3/7/2020,Essex,0,0,0,0
3/8/2020,Essex,0,0,0,0
3/9/2020,Essex,0,0,0,0
3/10/2020,Essex,0,0,0,0
3/11/2020,Essex,0,0,0,0
3/12/2020,Essex,0,0,0,0
3/13/2020,Essex,0,0,2,2
3/14/2020,Essex,0,0,1,3
3/15/2020,Essex,0,0,2,5
3/16/2020,Essex,0,0,0,5
3/17/2020,Essex,1,1,2,7
3/18/2020,Essex,0,1,1,8
3/19/2020,Essex,0,1,10,18
3/20/2020,Essex,1,2,5,23
3/21/2020,Essex,1,3,8,31
3/22/2020,Essex,0,3,2,33
3/23/2020,Essex,0,3,11,44
3/24/2020,Essex,1,4,6,50
3/25/2020,Essex,0,4,7,57
3/26/2020,Essex,0,4,6,63
3/27/2020,Essex,0,4,5,68
3/28/2020,Essex,0,4,3,71
3/29/2020,Essex,0,4,3,74
3/30/2020,Essex,0,4,5,79
3/31/2020,Essex,2,6,8,87
4/1/2020,Essex,0,6,2,89
4/2/2020,Essex,0,6,2,91
4/3/2020,Essex,1,7,7,98
4/4/2020,Essex,0,7,4,102
4/5/2020,Essex,0,7,4,106
4/6/2020,Essex,0,7,5,111
4/7/2020,Essex,0,7,4,115
4/8/2020,Essex,1,8,6,121
4/9/2020,Essex,2,10,13,134
4/10/2020,Essex,2,12,4,138
4/11/2020,Essex,0,12,12,150
4/12/2020,Essex,0,12,5,155
4/13/2020,Essex,0,12,24,179
4/14/2020,Essex,0,12,3,182
4/15/2020,Essex,0,12,8,190
4/16/2020,Essex,3,15,6,196
4/17/2020,Essex,1,16,5,201
4/18/2020,Essex,2,18,10,211
4/19/2020,Essex,2,20,4,215
4/20/2020,Essex,1,21,5,220
4/21/2020,Essex,1,22,2,222
4/22/2020,Essex,0,22,1,223
4/23/2020,Essex,0,22,6,229
4/24/2020,Essex,2,24,35,264
4/25/2020,Essex,0,24,15,279
4/26/2020,Essex,0,24,27,306
4/27/2020,Essex,2,26,16,322
4/28/2020,Essex,1,27,19,341
4/29/2020,Essex,1,28,22,363
4/30/2020,Essex,0,28,27,390
5/1/2020,Essex,0,28,31,421
5/2/2020,Essex,1,29,23,444
5/3/2020,Essex,0,29,10,454
5/4/2020,Essex,1,30,26,480
5/5/2020,Essex,0,30,18,498
5/6/2020,Essex,0,30,15,513
5/7/2020,Essex,1,31,69,582
5/8/2020,Essex,0,31,64,646
5/9/2020,Essex,1,32,111,757
5/10/2020,Essex,0,32,31,788
5/11/2020,Essex,0,32,12,800
5/12/2020,Essex,0,32,77,877
5/13/2020,Essex,0,32,60,937
5/14/2020,Essex,0,32,34,971
5/15/2020,Essex,0,32,173,1144
5/16/2020,Essex,1,33,146,1290
5/17/2020,Essex,0,33,161,1451
5/18/2020,Essex,1,34,16,1467
5/19/2020,Essex,0,34,43,1510
5/20/2020,Essex,2,36,162,1672
5/21/2020,Essex,0,36,115,1787
5/22/2020,Essex,0,36,89,1876
5/23/2020,Essex,0,36,182,2058
5/24/2020,Essex,0,36,88,2146
5/25/2020,Essex,0,36,68,2214
5/26/2020,Essex,0,36,71,2285
5/27/2020,Essex,0,36,85,2370
5/28/2020,Essex,0,36,151,2521
5/29/2020,Essex,0,36,95,2616
5/30/2020,Essex,1,37,258,2874
5/31/2020,Essex,0,37,144,3018
6/1/2020,Essex,1,38,64,3082
6/2/2020,Essex,0,38,109,3191
6/3/2020,Essex,0,38,193,3384
6/4/2020,Essex,0,38,106,3490
6/5/2020,Essex,0,38,96,3586
6/6/2020,Essex,0,38,178,3764
6/7/2020,Essex,1,39,160,3924
6/8/2020,Essex,1,40,25,3949
6/9/2020,Essex,0,40,147,4096
6/10/2020,Essex,0,40,159,4255
6/11/2020,Essex,0,40,135,4390
6/12/2020,Essex,0,40,75,4465
6/13/2020,Essex,0,40,196,4661
6/14/2020,Essex,0,40,74,4735
6/15/2020,Essex,0,40,65,4800
6/16/2020,Essex,0,40,47,4847
6/17/2020,Essex,0,40,105,4952
6/18/2020,Essex,0,40,172,5124
6/19/2020,Essex,1,41,78,5202
6/20/2020,Essex,0,41,109,5311
6/21/2020,Essex,0,41,79,5390
6/22/2020,Essex,0,41,88,5478
6/23/2020,Essex,0,41,108,5586
6/24/2020,Essex,0,41,100,5686
6/25/2020,Essex,0,41,65,5751
6/26/2020,Essex,1,42,176,5927
6/27/2020,Essex,0,42,93,6020
6/28/2020,Essex,0,42,109,6129
6/29/2020,Essex,0,42,39,6168
6/30/2020,Essex,0,42,120,6288
7/1/2020,Essex,0,42,125,6413
7/2/2020,Essex,4,46,116,6529
7/3/2020,Essex,1,47,58,6587
7/4/2020,Essex,1,48,166,6753
7/5/2020,Essex,1,49,169,6922
7/6/2020,Essex,0,49,135,7057
7/7/2020,Essex,0,49,58,7115
7/8/2020,Essex,2,51,135,7250
7/9/2020,Essex,0,51,85,7335
7/10/2020,Essex,0,51,104,7439
7/11/2020,Essex,0,51,104,7543
7/12/2020,Essex,0,51,74,7617
7/13/2020,Essex,0,51,126,7743
7/14/2020,Essex,0,51,55,7798
3/2/2020,Franklin,0,0,0,0
3/3/2020,Franklin,0,0,0,0
3/4/2020,Franklin,0,0,0,0
3/5/2020,Franklin,0,0,0,0
3/6/2020,Franklin,0,0,0,0
3/7/2020,Franklin,0,0,0,0
3/8/2020,Franklin,0,0,0,0
3/9/2020,Franklin,0,0,0,0
3/10/2020,Franklin,0,0,0,0
3/11/2020,Franklin,0,0,0,0
3/12/2020,Franklin,0,0,1,1
3/13/2020,Franklin,0,0,0,1
3/14/2020,Franklin,0,0,1,2
3/15/2020,Franklin,0,0,0,2
3/16/2020,Franklin,0,0,3,5
3/17/2020,Franklin,0,0,1,6
3/18/2020,Franklin,0,0,5,11
3/19/2020,Franklin,0,0,6,17
3/20/2020,Franklin,0,0,5,22
3/21/2020,Franklin,0,0,10,32
3/22/2020,Franklin,0,0,8,40
3/23/2020,Franklin,0,0,3,43
3/24/2020,Franklin,1,1,4,47
3/25/2020,Franklin,0,1,5,52
3/26/2020,Franklin,1,2,11,63
3/27/2020,Franklin,2,4,10,73
3/28/2020,Franklin,2,6,9,82
3/29/2020,Franklin,0,6,14,96
3/30/2020,Franklin,3,9,10,106
3/31/2020,Franklin,0,9,9,115
4/1/2020,Franklin,0,9,8,123
4/2/2020,Franklin,1,10,19,142
4/3/2020,Franklin,0,10,4,146
4/4/2020,Franklin,0,10,6,152
4/5/2020,Franklin,0,10,5,157
4/6/2020,Franklin,0,10,5,162
4/7/2020,Franklin,0,10,7,169
4/8/2020,Franklin,1,11,5,174
4/9/2020,Franklin,0,11,6,180
4/10/2020,Franklin,0,11,5,185
4/11/2020,Franklin,1,12,8,193
4/12/2020,Franklin,0,12,6,199
4/13/2020,Franklin,1,13,13,212
4/14/2020,Franklin,0,13,4,216
4/15/2020,Franklin,0,13,11,227
4/16/2020,Franklin,0,13,3,230
4/17/2020,Franklin,0,13,9,239
4/18/2020,Franklin,0,13,9,248
4/19/2020,Franklin,0,13,5,253
4/20/2020,Franklin,0,13,3,256
4/21/2020,Franklin,0,13,2,258
4/22/2020,Franklin,0,13,8,266
4/23/2020,Franklin,0,13,9,275
4/24/2020,Franklin,1,14,35,310
4/25/2020,Franklin,0,14,3,313
4/26/2020,Franklin,0,14,17,330
4/27/2020,Franklin,0,14,13,343
4/28/2020,Franklin,1,15,17,360
4/29/2020,Franklin,0,15,14,374
4/30/2020,Franklin,0,15,16,390
5/1/2020,Franklin,0,15,9,399
5/2/2020,Franklin,0,15,9,408
5/3/2020,Franklin,1,16,15,423
5/4/2020,Franklin,0,16,11,434
5/5/2020,Franklin,0,16,15,449
5/6/2020,Franklin,0,16,18,467
5/7/2020,Franklin,1,17,82,549
5/8/2020,Franklin,0,17,24,573
5/9/2020,Franklin,0,17,50,623
5/10/2020,Franklin,0,17,53,676
5/11/2020,Franklin,0,17,91,767
5/12/2020,Franklin,0,17,52,819
5/13/2020,Franklin,0,17,56,875
5/14/2020,Franklin,0,17,48,923
5/15/2020,Franklin,1,18,196,1119
5/16/2020,Franklin,0,18,126,1245
5/17/2020,Franklin,0,18,285,1530
5/18/2020,Franklin,0,18,9,1539
5/19/2020,Franklin,0,18,55,1594
5/20/2020,Franklin,1,19,245,1839
5/21/2020,Franklin,0,19,194,2033
5/22/2020,Franklin,1,20,83,2116
5/23/2020,Franklin,0,20,178,2294
5/24/2020,Franklin,0,20,138,2432
5/25/2020,Franklin,0,20,219,2651
5/26/2020,Franklin,0,20,84,2735
5/27/2020,Franklin,0,20,157,2892
5/28/2020,Franklin,1,21,118,3010
5/29/2020,Franklin,1,22,129,3139
5/30/2020,Franklin,0,22,151,3290
5/31/2020,Franklin,1,23,167,3457
6/1/2020,Franklin,0,23,42,3499
6/2/2020,Franklin,0,23,222,3721
6/3/2020,Franklin,0,23,262,3983
6/4/2020,Franklin,0,23,120,4103
6/5/2020,Franklin,0,23,207,4310
6/6/2020,Franklin,0,23,198,4508
6/7/2020,Franklin,0,23,272,4780
6/8/2020,Franklin,0,23,53,4833
6/9/2020,Franklin,0,23,127,4960
6/10/2020,Franklin,0,23,156,5116
6/11/2020,Franklin,1,24,205,5321
6/12/2020,Franklin,1,25,142,5463
6/13/2020,Franklin,0,25,162,5625
6/14/2020,Franklin,0,25,160,5785
6/15/2020,Franklin,0,25,67,5852
6/16/2020,Franklin,0,25,54,5906
6/17/2020,Franklin,1,26,136,6042
6/18/2020,Franklin,1,27,163,6205
6/19/2020,Franklin,0,27,251,6456
6/20/2020,Franklin,0,27,147,6603
6/21/2020,Franklin,0,27,200,6803
6/22/2020,Franklin,1,28,39,6842
6/23/2020,Franklin,0,28,55,6897
6/24/2020,Franklin,0,28,90,6987
6/25/2020,Franklin,0,28,112,7099
6/26/2020,Franklin,1,29,214,7313
6/27/2020,Franklin,0,29,136,7449
6/28/2020,Franklin,1,30,128,7577
6/29/2020,Franklin,0,30,28,7605
6/30/2020,Franklin,1,31,143,7748
7/1/2020,Franklin,1,32,89,7837
7/2/2020,Franklin,1,33,78,7915
7/3/2020,Franklin,0,33,50,7965
7/4/2020,Franklin,0,33,156,8121
7/5/2020,Franklin,0,33,126,8247
7/6/2020,Franklin,0,33,138,8385
7/7/2020,Franklin,0,33,177,8562
7/8/2020,Franklin,1,34,196,8758
7/9/2020,Franklin,1,35,187,8945
7/10/2020,Franklin,0,35,91,9036
7/11/2020,Franklin,1,36,180,9216
7/12/2020,Franklin,0,36,143,9359
7/13/2020,Franklin,0,36,91,9450
7/14/2020,Franklin,1,37,99,9549
3/2/2020,Fulton,0,0,0,0
3/3/2020,Fulton,0,0,0,0
3/4/2020,Fulton,0,0,0,0
3/5/2020,Fulton,0,0,0,0
3/6/2020,Fulton,0,0,0,0
3/7/2020,Fulton,0,0,0,0
3/8/2020,Fulton,0,0,0,0
3/9/2020,Fulton,0,0,1,1
3/10/2020,Fulton,0,0,1,2
3/11/2020,Fulton,0,0,2,4
3/12/2020,Fulton,0,0,1,5
3/13/2020,Fulton,0,0,1,6
3/14/2020,Fulton,0,0,4,10
3/15/2020,Fulton,0,0,1,11
3/16/2020,Fulton,0,0,1,12
3/17/2020,Fulton,0,0,0,12
3/18/2020,Fulton,1,1,12,24
3/19/2020,Fulton,0,1,6,30
3/20/2020,Fulton,0,1,13,43
3/21/2020,Fulton,0,1,11,54
3/22/2020,Fulton,0,1,11,65
3/23/2020,Fulton,0,1,11,76
3/24/2020,Fulton,0,1,4,80
3/25/2020,Fulton,0,1,2,82
3/26/2020,Fulton,0,1,5,87
3/27/2020,Fulton,0,1,10,97
3/28/2020,Fulton,0,1,10,107
3/29/2020,Fulton,0,1,12,119
3/30/2020,Fulton,0,1,5,124
3/31/2020,Fulton,1,2,5,129
4/1/2020,Fulton,4,6,10,139
4/2/2020,Fulton,0,6,10,149
4/3/2020,Fulton,3,9,24,173
4/4/2020,Fulton,0,9,12,185
4/5/2020,Fulton,2,11,20,205
4/6/2020,Fulton,2,13,18,223
4/7/2020,Fulton,1,14,6,229
4/8/2020,Fulton,1,15,21,250
4/9/2020,Fulton,3,18,24,274
4/10/2020,Fulton,3,21,17,291
4/11/2020,Fulton,0,21,11,302
4/12/2020,Fulton,0,21,7,309
4/13/2020,Fulton,1,22,75,384
4/14/2020,Fulton,2,24,9,393
4/15/2020,Fulton,1,25,13,406
4/16/2020,Fulton,2,27,16,422
4/17/2020,Fulton,0,27,7,429
4/18/2020,Fulton,0,27,17,446
4/19/2020,Fulton,0,27,3,449
4/20/2020,Fulton,0,27,4,453
4/21/2020,Fulton,1,28,7,460
4/22/2020,Fulton,0,28,5,465
4/23/2020,Fulton,1,29,16,481
4/24/2020,Fulton,32,61,202,683
4/25/2020,Fulton,1,62,29,712
4/26/2020,Fulton,0,62,9,721
4/27/2020,Fulton,4,66,16,737
4/28/2020,Fulton,1,67,27,764
4/29/2020,Fulton,4,71,27,791
4/30/2020,Fulton,4,75,37,828
5/1/2020,Fulton,4,79,34,862
5/2/2020,Fulton,3,82,36,898
5/3/2020,Fulton,2,84,25,923
5/4/2020,Fulton,13,97,63,986
5/5/2020,Fulton,3,100,50,1036
5/6/2020,Fulton,1,101,30,1066
5/7/2020,Fulton,2,103,27,1093
5/8/2020,Fulton,1,104,30,1123
5/9/2020,Fulton,3,107,31,1154
5/10/2020,Fulton,2,109,59,1213
5/11/2020,Fulton,26,135,100,1313
5/12/2020,Fulton,5,140,61,1374
5/13/2020,Fulton,4,144,81,1455
5/14/2020,Fulton,1,145,67,1522
5/15/2020,Fulton,3,148,100,1622
5/16/2020,Fulton,23,171,110,1732
5/17/2020,Fulton,11,182,132,1864
5/18/2020,Fulton,0,182,30,1894
5/19/2020,Fulton,2,184,89,1983
5/20/2020,Fulton,2,186,100,2083
5/21/2020,Fulton,3,189,88,2171
5/22/2020,Fulton,4,193,142,2313
5/23/2020,Fulton,1,194,84,2397
5/24/2020,Fulton,2,196,86,2483
5/25/2020,Fulton,0,196,44,2527
5/26/2020,Fulton,2,198,112,2639
5/27/2020,Fulton,2,200,223,2862
5/28/2020,Fulton,6,206,202,3064
5/29/2020,Fulton,1,207,146,3210
5/30/2020,Fulton,1,208,159,3369
5/31/2020,Fulton,2,210,169,3538
6/1/2020,Fulton,2,212,83,3621
6/2/2020,Fulton,1,213,197,3818
6/3/2020,Fulton,2,215,187,4005
6/4/2020,Fulton,4,219,248,4253
6/5/2020,Fulton,3,222,233,4486
6/6/2020,Fulton,2,224,205,4691
6/7/2020,Fulton,3,227,254,4945
6/8/2020,Fulton,1,228,249,5194
6/9/2020,Fulton,0,228,132,5326
6/10/2020,Fulton,2,230,155,5481
6/11/2020,Fulton,1,231,352,5833
6/12/2020,Fulton,1,232,164,5997
6/13/2020,Fulton,2,234,168,6165
6/14/2020,Fulton,1,235,101,6266
6/15/2020,Fulton,1,236,158,6424
6/16/2020,Fulton,0,236,85,6509
6/17/2020,Fulton,0,236,146,6655
6/18/2020,Fulton,1,237,173,6828
6/19/2020,Fulton,6,243,290,7118
6/20/2020,Fulton,0,243,209,7327
6/21/2020,Fulton,1,244,171,7498
6/22/2020,Fulton,0,244,86,7584
6/23/2020,Fulton,0,244,110,7694
6/24/2020,Fulton,0,244,98,7792
6/25/2020,Fulton,4,248,161,7953
6/26/2020,Fulton,1,249,171,8124
6/27/2020,Fulton,6,255,283,8407
6/28/2020,Fulton,1,256,171,8578
6/29/2020,Fulton,0,256,126,8704
6/30/2020,Fulton,1,257,86,8790
7/1/2020,Fulton,3,260,202,8992
7/2/2020,Fulton,1,261,154,9146
7/3/2020,Fulton,0,261,239,9385
7/4/2020,Fulton,0,261,237,9622
7/5/2020,Fulton,1,262,131,9753
7/6/2020,Fulton,0,262,92,9845
7/7/2020,Fulton,0,262,102,9947
7/8/2020,Fulton,1,263,110,10057
7/9/2020,Fulton,1,264,191,10248
7/10/2020,Fulton,1,265,197,10445
7/11/2020,Fulton,0,265,175,10620
7/12/2020,Fulton,0,265,78,10698
7/13/2020,Fulton,1,266,145,10843
7/14/2020,Fulton,0,266,77,10920
3/2/2020,Genesee,0,0,0,0
3/3/2020,Genesee,0,0,0,0
3/4/2020,Genesee,0,0,0,0
3/5/2020,Genesee,0,0,0,0
3/6/2020,Genesee,0,0,0,0
3/7/2020,Genesee,0,0,0,0
3/8/2020,Genesee,0,0,0,0
3/9/2020,Genesee,0,0,0,0
3/10/2020,Genesee,0,0,1,1
3/11/2020,Genesee,0,0,0,1
3/12/2020,Genesee,0,0,0,1
3/13/2020,Genesee,0,0,0,1
3/14/2020,Genesee,0,0,0,1
3/15/2020,Genesee,0,0,0,1
3/16/2020,Genesee,0,0,3,4
3/17/2020,Genesee,0,0,5,9
3/18/2020,Genesee,1,1,9,18
3/19/2020,Genesee,0,1,6,24
3/20/2020,Genesee,0,1,6,30
3/21/2020,Genesee,0,1,6,36
3/22/2020,Genesee,0,1,2,38
3/23/2020,Genesee,0,1,8,46
3/24/2020,Genesee,1,2,7,53
3/25/2020,Genesee,2,4,19,72
3/26/2020,Genesee,2,6,21,93
3/27/2020,Genesee,1,7,19,112
3/28/2020,Genesee,2,9,6,118
3/29/2020,Genesee,0,9,12,130
3/30/2020,Genesee,1,10,24,154
3/31/2020,Genesee,3,13,28,182
4/1/2020,Genesee,1,14,39,221
4/2/2020,Genesee,2,16,23,244
4/3/2020,Genesee,4,20,30,274
4/4/2020,Genesee,2,22,12,286
4/5/2020,Genesee,1,23,11,297
4/6/2020,Genesee,10,33,37,334
4/7/2020,Genesee,14,47,31,365
4/8/2020,Genesee,9,56,43,408
4/9/2020,Genesee,9,65,32,440
4/10/2020,Genesee,2,67,18,458
4/11/2020,Genesee,2,69,19,477
4/12/2020,Genesee,2,71,7,484
4/13/2020,Genesee,5,76,34,518
4/14/2020,Genesee,0,76,15,533
4/15/2020,Genesee,2,78,12,545
4/16/2020,Genesee,5,83,21,566
4/17/2020,Genesee,4,87,13,579
4/18/2020,Genesee,30,117,56,635
4/19/2020,Genesee,2,119,14,649
4/20/2020,Genesee,2,121,8,657
4/21/2020,Genesee,1,122,17,674
4/22/2020,Genesee,4,126,25,699
4/23/2020,Genesee,1,127,19,718
4/24/2020,Genesee,14,141,145,863
4/25/2020,Genesee,3,144,37,900
4/26/2020,Genesee,4,148,20,920
4/27/2020,Genesee,1,149,28,948
4/28/2020,Genesee,3,152,26,974
4/29/2020,Genesee,1,153,32,1006
4/30/2020,Genesee,1,154,29,1035
5/1/2020,Genesee,1,155,55,1090
5/2/2020,Genesee,0,155,25,1115
5/3/2020,Genesee,4,159,48,1163
5/4/2020,Genesee,0,159,47,1210
5/5/2020,Genesee,3,162,59,1269
5/6/2020,Genesee,6,168,98,1367
5/7/2020,Genesee,1,169,62,1429
5/8/2020,Genesee,1,170,47,1476
5/9/2020,Genesee,2,172,149,1625
5/10/2020,Genesee,1,173,182,1807
5/11/2020,Genesee,1,174,77,1884
5/12/2020,Genesee,0,174,96,1980
5/13/2020,Genesee,1,175,77,2057
5/14/2020,Genesee,0,175,66,2123
5/15/2020,Genesee,3,178,47,2170
5/16/2020,Genesee,2,180,69,2239
5/17/2020,Genesee,0,180,30,2269
5/18/2020,Genesee,2,182,77,2346
5/19/2020,Genesee,2,184,95,2441
5/20/2020,Genesee,4,188,145,2586
5/21/2020,Genesee,1,189,42,2628
5/22/2020,Genesee,2,191,271,2899
5/23/2020,Genesee,0,191,181,3080
5/24/2020,Genesee,1,192,95,3175
5/25/2020,Genesee,1,193,58,3233
5/26/2020,Genesee,2,195,84,3317
5/27/2020,Genesee,2,197,177,3494
5/28/2020,Genesee,2,199,119,3613
5/29/2020,Genesee,1,200,135,3748
5/30/2020,Genesee,2,202,115,3863
5/31/2020,Genesee,0,202,82,3945
6/1/2020,Genesee,0,202,145,4090
6/2/2020,Genesee,0,202,264,4354
6/3/2020,Genesee,3,205,326,4680
6/4/2020,Genesee,0,205,137,4817
6/5/2020,Genesee,1,206,322,5139
6/6/2020,Genesee,2,208,153,5292
6/7/2020,Genesee,0,208,104,5396
6/8/2020,Genesee,2,210,200,5596
6/9/2020,Genesee,1,211,213,5809
6/10/2020,Genesee,1,212,234,6043
6/11/2020,Genesee,0,212,187,6230
6/12/2020,Genesee,0,212,174,6404
6/13/2020,Genesee,0,212,158,6562
6/14/2020,Genesee,1,213,91,6653
6/15/2020,Genesee,0,213,112,6765
6/16/2020,Genesee,3,216,142,6907
6/17/2020,Genesee,1,217,169,7076
6/18/2020,Genesee,1,218,243,7319
6/19/2020,Genesee,4,222,189,7508
6/20/2020,Genesee,0,222,108,7616
6/21/2020,Genesee,3,225,182,7798
6/22/2020,Genesee,4,229,196,7994
6/23/2020,Genesee,1,230,196,8190
6/24/2020,Genesee,1,231,220,8410
6/25/2020,Genesee,1,232,120,8530
6/26/2020,Genesee,5,237,154,8684
6/27/2020,Genesee,1,238,118,8802
6/28/2020,Genesee,0,238,109,8911
6/29/2020,Genesee,0,238,416,9327
6/30/2020,Genesee,0,238,249,9576
7/1/2020,Genesee,0,238,112,9688
7/2/2020,Genesee,1,239,129,9817
7/3/2020,Genesee,0,239,170,9987
7/4/2020,Genesee,0,239,167,10154
7/5/2020,Genesee,3,242,213,10367
7/6/2020,Genesee,0,242,412,10779
7/7/2020,Genesee,2,244,178,10957
7/8/2020,Genesee,0,244,246,11203
7/9/2020,Genesee,2,246,185,11388
7/10/2020,Genesee,1,247,114,11502
7/11/2020,Genesee,3,250,269,11771
7/12/2020,Genesee,0,250,99,11870
7/13/2020,Genesee,2,252,196,12066
7/14/2020,Genesee,2,254,136,12202
3/2/2020,Greene,0,0,0,0
3/3/2020,Greene,0,0,0,0
3/4/2020,Greene,0,0,0,0
3/5/2020,Greene,0,0,0,0
3/6/2020,Greene,0,0,0,0
3/7/2020,Greene,0,0,0,0
3/8/2020,Greene,0,0,0,0
3/9/2020,Greene,0,0,0,0
3/10/2020,Greene,0,0,0,0
3/11/2020,Greene,0,0,3,3
3/12/2020,Greene,0,0,0,3
3/13/2020,Greene,0,0,1,4
3/14/2020,Greene,2,2,8,12
3/15/2020,Greene,0,2,3,15
3/16/2020,Greene,0,2,9,24
3/17/2020,Greene,0,2,8,32
3/18/2020,Greene,0,2,16,48
3/19/2020,Greene,0,2,21,69
3/20/2020,Greene,0,2,24,93
3/21/2020,Greene,0,2,23,116
3/22/2020,Greene,2,4,32,148
3/23/2020,Greene,0,4,8,156
3/24/2020,Greene,0,4,3,159
3/25/2020,Greene,1,5,11,170
3/26/2020,Greene,1,6,11,181
3/27/2020,Greene,1,7,6,187
3/28/2020,Greene,0,7,6,193
3/29/2020,Greene,3,10,13,206
3/30/2020,Greene,6,16,15,221
3/31/2020,Greene,2,18,9,230
4/1/2020,Greene,3,21,11,241
4/2/2020,Greene,2,23,16,257
4/3/2020,Greene,1,24,10,267
4/4/2020,Greene,0,24,7,274
4/5/2020,Greene,0,24,12,286
4/6/2020,Greene,0,24,13,299
4/7/2020,Greene,1,25,6,305
4/8/2020,Greene,3,28,29,334
4/9/2020,Greene,6,34,36,370
4/10/2020,Greene,3,37,27,397
4/11/2020,Greene,7,44,40,437
4/12/2020,Greene,1,45,14,451
4/13/2020,Greene,21,66,93,544
4/14/2020,Greene,7,73,25,569
4/15/2020,Greene,1,74,16,585
4/16/2020,Greene,3,77,16,601
4/17/2020,Greene,5,82,28,629
4/18/2020,Greene,3,85,24,653
4/19/2020,Greene,1,86,8,661
4/20/2020,Greene,1,87,16,677
4/21/2020,Greene,0,87,15,692
4/22/2020,Greene,2,89,25,717
4/23/2020,Greene,1,90,31,748
4/24/2020,Greene,17,107,212,960
4/25/2020,Greene,3,110,36,996
4/26/2020,Greene,1,111,25,1021
4/27/2020,Greene,1,112,20,1041
4/28/2020,Greene,2,114,24,1065
4/29/2020,Greene,17,131,59,1124
4/30/2020,Greene,8,139,47,1171
5/1/2020,Greene,3,142,36,1207
5/2/2020,Greene,9,151,32,1239
5/3/2020,Greene,3,154,34,1273
5/4/2020,Greene,12,166,36,1309
5/5/2020,Greene,22,188,84,1393
5/6/2020,Greene,10,198,55,1448
5/7/2020,Greene,1,199,34,1482
5/8/2020,Greene,5,204,45,1527
5/9/2020,Greene,2,206,44,1571
5/10/2020,Greene,0,206,14,1585
5/11/2020,Greene,0,206,28,1613
5/12/2020,Greene,0,206,41,1654
5/13/2020,Greene,1,207,46,1700
5/14/2020,Greene,2,209,64,1764
5/15/2020,Greene,2,211,49,1813
5/16/2020,Greene,1,212,43,1856
5/17/2020,Greene,1,213,33,1889
5/18/2020,Greene,1,214,26,1915
5/19/2020,Greene,1,215,189,2104
5/20/2020,Greene,0,215,44,2148
5/21/2020,Greene,0,215,48,2196
5/22/2020,Greene,2,217,69,2265
5/23/2020,Greene,3,220,55,2320
5/24/2020,Greene,5,225,35,2355
5/25/2020,Greene,0,225,24,2379
5/26/2020,Greene,6,231,108,2487
5/27/2020,Greene,5,236,107,2594
5/28/2020,Greene,1,237,92,2686
5/29/2020,Greene,1,238,110,2796
5/30/2020,Greene,0,238,100,2896
5/31/2020,Greene,1,239,79,2975
6/1/2020,Greene,2,241,119,3094
6/2/2020,Greene,0,241,153,3247
6/3/2020,Greene,0,241,130,3377
6/4/2020,Greene,1,242,134,3511
6/5/2020,Greene,4,246,181,3692
6/6/2020,Greene,0,246,117,3809
6/7/2020,Greene,1,247,42,3851
6/8/2020,Greene,1,248,104,3955
6/9/2020,Greene,1,249,172,4127
6/10/2020,Greene,0,249,88,4215
6/11/2020,Greene,0,249,82,4297
6/12/2020,Greene,1,250,97,4394
6/13/2020,Greene,1,251,128,4522
6/14/2020,Greene,0,251,110,4632
6/15/2020,Greene,1,252,67,4699
6/16/2020,Greene,0,252,196,4895
6/17/2020,Greene,0,252,73,4968
6/18/2020,Greene,2,254,174,5142
6/19/2020,Greene,1,255,54,5196
6/20/2020,Greene,1,256,67,5263
6/21/2020,Greene,0,256,119,5382
6/22/2020,Greene,0,256,110,5492
6/23/2020,Greene,0,256,114,5606
6/24/2020,Greene,1,257,158,5764
6/25/2020,Greene,0,257,126,5890
6/26/2020,Greene,3,260,127,6017
6/27/2020,Greene,0,260,166,6183
6/28/2020,Greene,0,260,58,6241
6/29/2020,Greene,0,260,154,6395
6/30/2020,Greene,0,260,72,6467
7/1/2020,Greene,0,260,195,6662
7/2/2020,Greene,3,263,99,6761
7/3/2020,Greene,0,263,106,6867
7/4/2020,Greene,0,263,156,7023
7/5/2020,Greene,0,263,115,7138
7/6/2020,Greene,0,263,177,7315
7/7/2020,Greene,0,263,151,7466
7/8/2020,Greene,0,263,149,7615
7/9/2020,Greene,1,264,329,7944
7/10/2020,Greene,1,265,143,8087
7/11/2020,Greene,1,266,55,8142
7/12/2020,Greene,0,266,56,8198
7/13/2020,Greene,1,267,104,8302
7/14/2020,Greene,4,271,127,8429
3/2/2020,Hamilton,0,0,0,0
3/3/2020,Hamilton,0,0,0,0
3/4/2020,Hamilton,0,0,0,0
3/5/2020,Hamilton,0,0,0,0
3/6/2020,Hamilton,0,0,0,0
3/7/2020,Hamilton,0,0,0,0
3/8/2020,Hamilton,0,0,0,0
3/9/2020,Hamilton,0,0,0,0
3/10/2020,Hamilton,0,0,0,0
3/11/2020,Hamilton,0,0,0,0
3/12/2020,Hamilton,0,0,0,0
3/13/2020,Hamilton,0,0,0,0
3/14/2020,Hamilton,0,0,0,0
3/15/2020,Hamilton,0,0,0,0
3/16/2020,Hamilton,0,0,0,0
3/17/2020,Hamilton,1,1,2,2
3/18/2020,Hamilton,1,2,8,10
3/19/2020,Hamilton,0,2,0,10
3/20/2020,Hamilton,0,2,1,11
3/21/2020,Hamilton,0,2,0,11
3/22/2020,Hamilton,0,2,0,11
3/23/2020,Hamilton,0,2,2,13
3/24/2020,Hamilton,0,2,1,14
3/25/2020,Hamilton,0,2,0,14
3/26/2020,Hamilton,0,2,0,14
3/27/2020,Hamilton,0,2,0,14
3/28/2020,Hamilton,0,2,0,14
3/29/2020,Hamilton,0,2,0,14
3/30/2020,Hamilton,0,2,0,14
3/31/2020,Hamilton,0,2,0,14
4/1/2020,Hamilton,0,2,3,17
4/2/2020,Hamilton,0,2,0,17
4/3/2020,Hamilton,0,2,0,17
4/4/2020,Hamilton,0,2,0,17
4/5/2020,Hamilton,0,2,0,17
4/6/2020,Hamilton,0,2,0,17
4/7/2020,Hamilton,0,2,0,17
4/8/2020,Hamilton,1,3,1,18
4/9/2020,Hamilton,0,3,0,18
4/10/2020,Hamilton,0,3,1,19
4/11/2020,Hamilton,0,3,0,19
4/12/2020,Hamilton,0,3,1,20
4/13/2020,Hamilton,0,3,0,20
4/14/2020,Hamilton,0,3,0,20
4/15/2020,Hamilton,0,3,0,20
4/16/2020,Hamilton,0,3,6,26
4/17/2020,Hamilton,0,3,1,27
4/18/2020,Hamilton,0,3,1,28
4/19/2020,Hamilton,0,3,0,28
4/20/2020,Hamilton,0,3,0,28
4/21/2020,Hamilton,0,3,1,29
4/22/2020,Hamilton,0,3,0,29
4/23/2020,Hamilton,0,3,0,29
4/24/2020,Hamilton,0,3,3,32
4/25/2020,Hamilton,0,3,1,33
4/26/2020,Hamilton,0,3,2,35
4/27/2020,Hamilton,0,3,1,36
4/28/2020,Hamilton,0,3,2,38
4/29/2020,Hamilton,0,3,0,38
4/30/2020,Hamilton,0,3,2,40
5/1/2020,Hamilton,0,3,3,43
5/2/2020,Hamilton,0,3,1,44
5/3/2020,Hamilton,0,3,2,46
5/4/2020,Hamilton,0,3,1,47
5/5/2020,Hamilton,2,5,6,53
5/6/2020,Hamilton,0,5,0,53
5/7/2020,Hamilton,0,5,4,57
5/8/2020,Hamilton,0,5,3,60
5/9/2020,Hamilton,0,5,1,61
5/10/2020,Hamilton,0,5,0,61
5/11/2020,Hamilton,0,5,0,61
5/12/2020,Hamilton,0,5,6,67
5/13/2020,Hamilton,0,5,45,112
5/14/2020,Hamilton,0,5,10,122
5/15/2020,Hamilton,0,5,34,156
5/16/2020,Hamilton,0,5,139,295
5/17/2020,Hamilton,0,5,35,330
5/18/2020,Hamilton,0,5,2,332
5/19/2020,Hamilton,0,5,10,342
5/20/2020,Hamilton,0,5,12,354
5/21/2020,Hamilton,0,5,8,362
5/22/2020,Hamilton,0,5,38,400
5/23/2020,Hamilton,0,5,3,403
5/24/2020,Hamilton,0,5,3,406
5/25/2020,Hamilton,0,5,5,411
5/26/2020,Hamilton,0,5,1,412
5/27/2020,Hamilton,0,5,3,415
5/28/2020,Hamilton,0,5,4,419
5/29/2020,Hamilton,0,5,3,422
5/30/2020,Hamilton,0,5,22,444
5/31/2020,Hamilton,0,5,5,449
6/1/2020,Hamilton,0,5,1,450
6/2/2020,Hamilton,0,5,2,452
6/3/2020,Hamilton,0,5,74,526
6/4/2020,Hamilton,0,5,8,534
6/5/2020,Hamilton,0,5,7,541
6/6/2020,Hamilton,0,5,38,579
6/7/2020,Hamilton,0,5,8,587
6/8/2020,Hamilton,0,5,4,591
6/9/2020,Hamilton,0,5,7,598
6/10/2020,Hamilton,0,5,5,603
6/11/2020,Hamilton,0,5,13,616
6/12/2020,Hamilton,0,5,6,622
6/13/2020,Hamilton,1,6,27,649
6/14/2020,Hamilton,0,6,12,661
6/15/2020,Hamilton,0,6,1,662
6/16/2020,Hamilton,0,6,6,668
6/17/2020,Hamilton,0,6,12,680
6/18/2020,Hamilton,0,6,6,686
6/19/2020,Hamilton,0,6,4,690
6/20/2020,Hamilton,0,6,57,747
6/21/2020,Hamilton,0,6,8,755
6/22/2020,Hamilton,0,6,1,756
6/23/2020,Hamilton,0,6,7,763
6/24/2020,Hamilton,0,6,10,773
6/25/2020,Hamilton,0,6,2,775
6/26/2020,Hamilton,0,6,3,778
6/27/2020,Hamilton,0,6,35,813
6/28/2020,Hamilton,0,6,5,818
6/29/2020,Hamilton,0,6,6,824
6/30/2020,Hamilton,0,6,2,826
7/1/2020,Hamilton,0,6,10,836
7/2/2020,Hamilton,0,6,13,849
7/3/2020,Hamilton,0,6,52,901
7/4/2020,Hamilton,0,6,9,910
7/5/2020,Hamilton,0,6,8,918
7/6/2020,Hamilton,0,6,1,919
7/7/2020,Hamilton,0,6,5,924
7/8/2020,Hamilton,0,6,3,927
7/9/2020,Hamilton,0,6,11,938
7/10/2020,Hamilton,0,6,9,947
7/11/2020,Hamilton,0,6,3,950
7/12/2020,Hamilton,0,6,10,960
7/13/2020,Hamilton,0,6,16,976
7/14/2020,Hamilton,0,6,85,1061
3/2/2020,Herkimer,0,0,0,0
3/3/2020,Herkimer,0,0,0,0
3/4/2020,Herkimer,0,0,0,0
3/5/2020,Herkimer,0,0,0,0
3/6/2020,Herkimer,0,0,0,0
3/7/2020,Herkimer,0,0,0,0
3/8/2020,Herkimer,0,0,0,0
3/9/2020,Herkimer,0,0,0,0
3/10/2020,Herkimer,0,0,0,0
3/11/2020,Herkimer,0,0,0,0
3/12/2020,Herkimer,1,1,1,1
3/13/2020,Herkimer,0,1,0,1
3/14/2020,Herkimer,0,1,1,2
3/15/2020,Herkimer,0,1,0,2
3/16/2020,Herkimer,0,1,0,2
3/17/2020,Herkimer,0,1,0,2
3/18/2020,Herkimer,0,1,1,3
3/19/2020,Herkimer,1,2,1,4
3/20/2020,Herkimer,1,3,5,9
3/21/2020,Herkimer,1,4,10,19
3/22/2020,Herkimer,0,4,6,25
3/23/2020,Herkimer,0,4,3,28
3/24/2020,Herkimer,1,5,5,33
3/25/2020,Herkimer,2,7,6,39
3/26/2020,Herkimer,2,9,9,48
3/27/2020,Herkimer,0,9,8,56
3/28/2020,Herkimer,1,10,14,70
3/29/2020,Herkimer,2,12,8,78
3/30/2020,Herkimer,0,12,1,79
3/31/2020,Herkimer,0,12,4,83
4/1/2020,Herkimer,2,14,9,92
4/2/2020,Herkimer,0,14,19,111
4/3/2020,Herkimer,4,18,27,138
4/4/2020,Herkimer,4,22,46,184
4/5/2020,Herkimer,3,25,23,207
4/6/2020,Herkimer,2,27,19,226
4/7/2020,Herkimer,2,29,19,245
4/8/2020,Herkimer,3,32,44,289
4/9/2020,Herkimer,4,36,23,312
4/10/2020,Herkimer,1,37,12,324
4/11/2020,Herkimer,0,37,11,335
4/12/2020,Herkimer,1,38,29,364
4/13/2020,Herkimer,1,39,26,390
4/14/2020,Herkimer,1,40,9,399
4/15/2020,Herkimer,3,43,23,422
4/16/2020,Herkimer,3,46,30,452
4/17/2020,Herkimer,1,47,18,470
4/18/2020,Herkimer,2,49,20,490
4/19/2020,Herkimer,0,49,23,513
4/20/2020,Herkimer,1,50,7,520
4/21/2020,Herkimer,3,53,34,554
4/22/2020,Herkimer,1,54,25,579
4/23/2020,Herkimer,2,56,27,606
4/24/2020,Herkimer,0,56,59,665
4/25/2020,Herkimer,1,57,31,696
4/26/2020,Herkimer,1,58,26,722
4/27/2020,Herkimer,0,58,14,736
4/28/2020,Herkimer,0,58,28,764
4/29/2020,Herkimer,0,58,28,792
4/30/2020,Herkimer,2,60,28,820
5/1/2020,Herkimer,1,61,15,835
5/2/2020,Herkimer,1,62,29,864
5/3/2020,Herkimer,1,63,41,905
5/4/2020,Herkimer,4,67,29,934
5/5/2020,Herkimer,1,68,66,1000
5/6/2020,Herkimer,6,74,65,1065
5/7/2020,Herkimer,2,76,55,1120
5/8/2020,Herkimer,1,77,43,1163
5/9/2020,Herkimer,2,79,56,1219
5/10/2020,Herkimer,2,81,57,1276
5/11/2020,Herkimer,0,81,42,1318
5/12/2020,Herkimer,3,84,61,1379
5/13/2020,Herkimer,2,86,54,1433
5/14/2020,Herkimer,1,87,49,1482
5/15/2020,Herkimer,4,91,50,1532
5/16/2020,Herkimer,0,91,157,1689
5/17/2020,Herkimer,1,92,68,1757
5/18/2020,Herkimer,0,92,65,1822
5/19/2020,Herkimer,1,93,95,1917
5/20/2020,Herkimer,0,93,60,1977
5/21/2020,Herkimer,2,95,77,2054
5/22/2020,Herkimer,5,100,212,2266
5/23/2020,Herkimer,1,101,143,2409
5/24/2020,Herkimer,2,103,237,2646
5/25/2020,Herkimer,0,103,45,2691
5/26/2020,Herkimer,2,105,328,3019
5/27/2020,Herkimer,1,106,442,3461
5/28/2020,Herkimer,1,107,154,3615
5/29/2020,Herkimer,0,107,332,3947
5/30/2020,Herkimer,1,108,309,4256
5/31/2020,Herkimer,1,109,131,4387
6/1/2020,Herkimer,2,111,186,4573
6/2/2020,Herkimer,2,113,522,5095
6/3/2020,Herkimer,0,113,398,5493
6/4/2020,Herkimer,2,115,334,5827
6/5/2020,Herkimer,7,122,523,6350
6/6/2020,Herkimer,1,123,357,6707
6/7/2020,Herkimer,1,124,377,7084
6/8/2020,Herkimer,1,125,308,7392
6/9/2020,Herkimer,0,125,245,7637
6/10/2020,Herkimer,0,125,295,7932
6/11/2020,Herkimer,2,127,439,8371
6/12/2020,Herkimer,1,128,280,8651
6/13/2020,Herkimer,0,128,275,8926
6/14/2020,Herkimer,0,128,119,9045
6/15/2020,Herkimer,0,128,297,9342
6/16/2020,Herkimer,0,128,208,9550
6/17/2020,Herkimer,0,128,236,9786
6/18/2020,Herkimer,3,131,265,10051
6/19/2020,Herkimer,3,134,334,10385
6/20/2020,Herkimer,2,136,405,10790
6/21/2020,Herkimer,1,137,232,11022
6/22/2020,Herkimer,0,137,146,11168
6/23/2020,Herkimer,5,142,184,11352
6/24/2020,Herkimer,1,143,146,11498
6/25/2020,Herkimer,6,149,161,11659
6/26/2020,Herkimer,5,154,302,11961
6/27/2020,Herkimer,4,158,495,12456
6/28/2020,Herkimer,1,159,189,12645
6/29/2020,Herkimer,0,159,155,12800
6/30/2020,Herkimer,3,162,212,13012
7/1/2020,Herkimer,2,164,201,13213
7/2/2020,Herkimer,8,172,96,13309
7/3/2020,Herkimer,0,172,140,13449
7/4/2020,Herkimer,1,173,371,13820
7/5/2020,Herkimer,6,179,381,14201
7/6/2020,Herkimer,2,181,210,14411
7/7/2020,Herkimer,0,181,182,14593
7/8/2020,Herkimer,1,182,240,14833
7/9/2020,Herkimer,2,184,250,15083
7/10/2020,Herkimer,4,188,213,15296
7/11/2020,Herkimer,4,192,270,15566
7/12/2020,Herkimer,1,193,210,15776
7/13/2020,Herkimer,2,195,327,16103
7/14/2020,Herkimer,2,197,322,16425
3/2/2020,Jefferson,0,0,0,0
3/3/2020,Jefferson,0,0,0,0
3/4/2020,Jefferson,0,0,0,0
3/5/2020,Jefferson,0,0,0,0
3/6/2020,Jefferson,0,0,0,0
3/7/2020,Jefferson,0,0,1,1
3/8/2020,Jefferson,0,0,0,1
3/9/2020,Jefferson,0,0,0,1
3/10/2020,Jefferson,0,0,0,1
3/11/2020,Jefferson,0,0,1,2
3/12/2020,Jefferson,0,0,0,2
3/13/2020,Jefferson,0,0,0,2
3/14/2020,Jefferson,0,0,0,2
3/15/2020,Jefferson,0,0,1,3
3/16/2020,Jefferson,0,0,0,3
3/17/2020,Jefferson,0,0,2,5
3/18/2020,Jefferson,1,1,7,12
3/19/2020,Jefferson,0,1,13,25
3/20/2020,Jefferson,0,1,18,43
3/21/2020,Jefferson,0,1,4,47
3/22/2020,Jefferson,1,2,20,67
3/23/2020,Jefferson,0,2,1,68
3/24/2020,Jefferson,0,2,13,81
3/25/2020,Jefferson,1,3,31,112
3/26/2020,Jefferson,0,3,23,135
3/27/2020,Jefferson,3,6,45,180
3/28/2020,Jefferson,1,7,52,232
3/29/2020,Jefferson,4,11,100,332
3/30/2020,Jefferson,1,12,19,351
3/31/2020,Jefferson,0,12,14,365
4/1/2020,Jefferson,3,15,53,418
4/2/2020,Jefferson,3,18,56,474
4/3/2020,Jefferson,2,20,38,512
4/4/2020,Jefferson,6,26,75,587
4/5/2020,Jefferson,7,33,98,685
4/6/2020,Jefferson,6,39,63,748
4/7/2020,Jefferson,1,40,25,773
4/8/2020,Jefferson,2,42,84,857
4/9/2020,Jefferson,1,43,52,909
4/10/2020,Jefferson,1,44,43,952
4/11/2020,Jefferson,2,46,47,999
4/12/2020,Jefferson,0,46,24,1023
4/13/2020,Jefferson,1,47,37,1060
4/14/2020,Jefferson,0,47,1,1061
4/15/2020,Jefferson,1,48,33,1094
4/16/2020,Jefferson,2,50,31,1125
4/17/2020,Jefferson,0,50,16,1141
4/18/2020,Jefferson,4,54,53,1194
4/19/2020,Jefferson,0,54,23,1217
4/20/2020,Jefferson,0,54,7,1224
4/21/2020,Jefferson,0,54,8,1232
4/22/2020,Jefferson,2,56,28,1260
4/23/2020,Jefferson,2,58,37,1297
4/24/2020,Jefferson,1,59,63,1360
4/25/2020,Jefferson,1,60,27,1387
4/26/2020,Jefferson,0,60,52,1439
4/27/2020,Jefferson,0,60,15,1454
4/28/2020,Jefferson,0,60,28,1482
4/29/2020,Jefferson,1,61,36,1518
4/30/2020,Jefferson,0,61,37,1555
5/1/2020,Jefferson,1,62,48,1603
5/2/2020,Jefferson,0,62,48,1651
5/3/2020,Jefferson,1,63,82,1733
5/4/2020,Jefferson,0,63,13,1746
5/5/2020,Jefferson,0,63,50,1796
5/6/2020,Jefferson,1,64,90,1886
5/7/2020,Jefferson,2,66,82,1968
5/8/2020,Jefferson,1,67,47,2015
5/9/2020,Jefferson,1,68,64,2079
5/10/2020,Jefferson,0,68,63,2142
5/11/2020,Jefferson,0,68,46,2188
5/12/2020,Jefferson,0,68,80,2268
5/13/2020,Jefferson,1,69,104,2372
5/14/2020,Jefferson,2,71,453,2825
5/15/2020,Jefferson,0,71,237,3062
5/16/2020,Jefferson,0,71,152,3214
5/17/2020,Jefferson,0,71,137,3351
5/18/2020,Jefferson,0,71,90,3441
5/19/2020,Jefferson,0,71,64,3505
5/20/2020,Jefferson,0,71,324,3829
5/21/2020,Jefferson,1,72,319,4148
5/22/2020,Jefferson,0,72,331,4479
5/23/2020,Jefferson,0,72,305,4784
5/24/2020,Jefferson,0,72,107,4891
5/25/2020,Jefferson,0,72,71,4962
5/26/2020,Jefferson,0,72,97,5059
5/27/2020,Jefferson,0,72,136,5195
5/28/2020,Jefferson,2,74,400,5595
5/29/2020,Jefferson,0,74,227,5822
5/30/2020,Jefferson,0,74,280,6102
5/31/2020,Jefferson,0,74,256,6358
6/1/2020,Jefferson,0,74,228,6586
6/2/2020,Jefferson,0,74,256,6842
6/3/2020,Jefferson,0,74,253,7095
6/4/2020,Jefferson,1,75,482,7577
6/5/2020,Jefferson,0,75,315,7892
6/6/2020,Jefferson,2,77,275,8167
6/7/2020,Jefferson,1,78,374,8541
6/8/2020,Jefferson,1,79,85,8626
6/9/2020,Jefferson,0,79,257,8883
6/10/2020,Jefferson,0,79,299,9182
6/11/2020,Jefferson,1,80,564,9746
6/12/2020,Jefferson,1,81,173,9919
6/13/2020,Jefferson,0,81,135,10054
6/14/2020,Jefferson,0,81,261,10315
6/15/2020,Jefferson,0,81,76,10391
6/16/2020,Jefferson,1,82,108,10499
6/17/2020,Jefferson,0,82,367,10866
6/18/2020,Jefferson,0,82,534,11400
6/19/2020,Jefferson,1,83,237,11637
6/20/2020,Jefferson,1,84,118,11755
6/21/2020,Jefferson,0,84,220,11975
6/22/2020,Jefferson,0,84,88,12063
6/23/2020,Jefferson,0,84,120,12183
6/24/2020,Jefferson,1,85,309,12492
6/25/2020,Jefferson,0,85,479,12971
6/26/2020,Jefferson,0,85,184,13155
6/27/2020,Jefferson,0,85,101,13256
6/28/2020,Jefferson,1,86,234,13490
6/29/2020,Jefferson,0,86,68,13558
6/30/2020,Jefferson,2,88,135,13693
7/1/2020,Jefferson,2,90,240,13933
7/2/2020,Jefferson,3,93,213,14146
7/3/2020,Jefferson,0,93,324,14470
7/4/2020,Jefferson,1,94,174,14644
7/5/2020,Jefferson,0,94,119,14763
7/6/2020,Jefferson,0,94,126,14889
7/7/2020,Jefferson,0,94,293,15182
7/8/2020,Jefferson,1,95,206,15388
7/9/2020,Jefferson,0,95,171,15559
7/10/2020,Jefferson,0,95,162,15721
7/11/2020,Jefferson,2,97,95,15816
7/12/2020,Jefferson,2,99,495,16311
7/13/2020,Jefferson,1,100,154,16465
7/14/2020,Jefferson,0,100,251,16716
3/2/2020,Kings,0,0,0,0
3/3/2020,Kings,0,0,2,2
3/4/2020,Kings,1,1,4,6
3/5/2020,Kings,0,1,7,13
3/6/2020,Kings,3,4,12,25
3/7/2020,Kings,0,4,9,34
3/8/2020,Kings,2,6,10,44
3/9/2020,Kings,1,7,31,75
3/10/2020,Kings,7,14,29,104
3/11/2020,Kings,2,16,24,128
3/12/2020,Kings,8,24,59,187
3/13/2020,Kings,17,41,136,323
3/14/2020,Kings,17,58,99,422
3/15/2020,Kings,26,84,166,588
3/16/2020,Kings,39,123,171,759
3/17/2020,Kings,264,387,741,1500
3/18/2020,Kings,273,660,795,2295
3/19/2020,Kings,674,1334,1553,3848
3/20/2020,Kings,538,1872,1378,5226
3/21/2020,Kings,893,2765,1941,7167
3/22/2020,Kings,702,3467,1506,8673
3/23/2020,Kings,700,4167,1422,10095
3/24/2020,Kings,779,4946,1474,11569
3/25/2020,Kings,755,5701,1550,13119
3/26/2020,Kings,1106,6807,1905,15024
3/27/2020,Kings,1238,8045,2254,17278
3/28/2020,Kings,973,9018,1790,19068
3/29/2020,Kings,1011,10029,1627,20695
3/30/2020,Kings,1888,11917,3113,23808
3/31/2020,Kings,1198,13115,2011,25819
4/1/2020,Kings,1189,14304,2041,27860
4/2/2020,Kings,1396,15700,2512,30372
4/3/2020,Kings,1804,17504,3234,33606
4/4/2020,Kings,1054,18558,1990,35596
4/5/2020,Kings,1144,19702,2013,37609
4/6/2020,Kings,1177,20879,2245,39854
4/7/2020,Kings,1203,22082,2607,42461
4/8/2020,Kings,1312,23394,2565,45026
4/9/2020,Kings,1321,24715,2578,47604
4/10/2020,Kings,1528,26243,2887,50491
4/11/2020,Kings,1228,27471,2670,53161
4/12/2020,Kings,933,28404,2029,55190
4/13/2020,Kings,902,29306,2055,57245
4/14/2020,Kings,2663,31969,5103,62348
4/15/2020,Kings,1552,33521,3724,66072
4/16/2020,Kings,1184,34705,3347,69419
4/17/2020,Kings,1058,35763,3016,72435
4/18/2020,Kings,719,36482,2390,74825
4/19/2020,Kings,548,37030,1835,76660
4/20/2020,Kings,664,37694,2300,78960
4/21/2020,Kings,787,38481,2827,81787
4/22/2020,Kings,873,39354,3526,85313
4/23/2020,Kings,1294,40648,5030,90343
4/24/2020,Kings,1012,41660,4021,94364
4/25/2020,Kings,827,42487,3685,98049
4/26/2020,Kings,527,43014,2684,100733
4/27/2020,Kings,573,43587,2940,103673
4/28/2020,Kings,649,44236,3873,107546
4/29/2020,Kings,636,44872,3944,111490
4/30/2020,Kings,647,45519,3927,115417
5/1/2020,Kings,756,46275,4717,120134
5/2/2020,Kings,564,46839,3804,123938
5/3/2020,Kings,344,47183,2545,126483
5/4/2020,Kings,396,47579,3364,129847
5/5/2020,Kings,395,47974,3597,133444
5/6/2020,Kings,576,48550,5284,138728
5/7/2020,Kings,448,48998,4582,143310
5/8/2020,Kings,463,49461,4747,148057
5/9/2020,Kings,356,49817,3682,151739
5/10/2020,Kings,255,50072,2825,154564
5/11/2020,Kings,259,50331,2984,157548
5/12/2020,Kings,336,50667,4615,162163
5/13/2020,Kings,428,51095,6107,168270
5/14/2020,Kings,486,51581,5741,174011
5/15/2020,Kings,410,51991,5793,179804
5/16/2020,Kings,307,52298,4377,184181
5/17/2020,Kings,187,52485,3052,187233
5/18/2020,Kings,196,52681,4133,191366
5/19/2020,Kings,208,52889,3890,195256
5/20/2020,Kings,496,53385,7252,202508
5/21/2020,Kings,254,53639,5372,207880
5/22/2020,Kings,263,53902,6189,214069
5/23/2020,Kings,273,54175,6813,220882
5/24/2020,Kings,185,54360,4990,225872
5/25/2020,Kings,200,54560,5214,231086
5/26/2020,Kings,219,54779,5940,237026
5/27/2020,Kings,368,55147,10938,247964
5/28/2020,Kings,299,55446,10686,258650
5/29/2020,Kings,281,55727,9619,268269
5/30/2020,Kings,173,55900,7167,275436
5/31/2020,Kings,153,56053,5765,281201
6/1/2020,Kings,189,56242,7500,288701
6/2/2020,Kings,163,56405,7485,296186
6/3/2020,Kings,182,56587,7880,304066
6/4/2020,Kings,183,56770,7659,311725
6/5/2020,Kings,196,56966,9370,321095
6/6/2020,Kings,165,57131,8378,329473
6/7/2020,Kings,129,57260,7254,336727
6/8/2020,Kings,107,57367,5499,342226
6/9/2020,Kings,117,57484,8815,351041
6/10/2020,Kings,121,57605,6515,357556
6/11/2020,Kings,128,57733,8670,366226
6/12/2020,Kings,186,57919,10217,376443
6/13/2020,Kings,140,58059,9012,385455
6/14/2020,Kings,118,58177,8880,394335
6/15/2020,Kings,97,58274,8034,402369
6/16/2020,Kings,112,58386,8472,410841
6/17/2020,Kings,116,58502,10052,420893
6/18/2020,Kings,132,58634,10964,431857
6/19/2020,Kings,127,58761,10520,442377
6/20/2020,Kings,113,58874,9864,452241
6/21/2020,Kings,75,58949,7192,459433
6/22/2020,Kings,98,59047,5819,465252
6/23/2020,Kings,64,59111,6732,471984
6/24/2020,Kings,95,59206,7602,479586
6/25/2020,Kings,105,59311,7450,487036
6/26/2020,Kings,109,59420,10239,497275
6/27/2020,Kings,87,59507,8508,505783
6/28/2020,Kings,69,59576,5378,511161
6/29/2020,Kings,74,59650,6646,517807
6/30/2020,Kings,92,59742,7756,525563
7/1/2020,Kings,113,59855,9252,534815
7/2/2020,Kings,102,59957,8649,543464
7/3/2020,Kings,121,60078,7506,550970
7/4/2020,Kings,71,60149,7534,558504
7/5/2020,Kings,62,60211,7273,565777
7/6/2020,Kings,70,60281,7673,573450
7/7/2020,Kings,105,60386,6914,580364
7/8/2020,Kings,75,60461,7228,587592
7/9/2020,Kings,99,60560,8795,596387
7/10/2020,Kings,87,60647,7543,603930
7/11/2020,Kings,101,60748,7261,611191
7/12/2020,Kings,67,60815,5925,617116
7/13/2020,Kings,89,60904,5637,622753
7/14/2020,Kings,108,61012,7601,630354
3/2/2020,Lewis,0,0,0,0
3/3/2020,Lewis,0,0,0,0
3/4/2020,Lewis,0,0,0,0
3/5/2020,Lewis,0,0,0,0
3/6/2020,Lewis,0,0,0,0
3/7/2020,Lewis,0,0,0,0
3/8/2020,Lewis,0,0,0,0
3/9/2020,Lewis,0,0,0,0
3/10/2020,Lewis,0,0,0,0
3/11/2020,Lewis,0,0,0,0
3/12/2020,Lewis,0,0,0,0
3/13/2020,Lewis,0,0,1,1
3/14/2020,Lewis,0,0,0,1
3/15/2020,Lewis,0,0,2,3
3/16/2020,Lewis,0,0,0,3
3/17/2020,Lewis,0,0,1,4
3/18/2020,Lewis,0,0,0,4
3/19/2020,Lewis,0,0,2,6
3/20/2020,Lewis,0,0,1,7
3/21/2020,Lewis,0,0,4,11
3/22/2020,Lewis,0,0,4,15
3/23/2020,Lewis,0,0,5,20
3/24/2020,Lewis,0,0,0,20
3/25/2020,Lewis,0,0,5,25
3/26/2020,Lewis,0,0,5,30
3/27/2020,Lewis,0,0,6,36
3/28/2020,Lewis,2,2,7,43
3/29/2020,Lewis,0,2,16,59
3/30/2020,Lewis,0,2,5,64
3/31/2020,Lewis,0,2,3,67
4/1/2020,Lewis,0,2,5,72
4/2/2020,Lewis,0,2,5,77
4/3/2020,Lewis,0,2,5,82
4/4/2020,Lewis,1,3,19,101
4/5/2020,Lewis,3,6,11,112
4/6/2020,Lewis,0,6,11,123
4/7/2020,Lewis,0,6,6,129
4/8/2020,Lewis,0,6,8,137
4/9/2020,Lewis,0,6,23,160
4/10/2020,Lewis,0,6,0,160
4/11/2020,Lewis,0,6,6,166
4/12/2020,Lewis,0,6,3,169
4/13/2020,Lewis,1,7,11,180
4/14/2020,Lewis,0,7,0,180
4/15/2020,Lewis,1,8,7,187
4/16/2020,Lewis,0,8,2,189
4/17/2020,Lewis,0,8,0,189
4/18/2020,Lewis,0,8,14,203
4/19/2020,Lewis,1,9,7,210
4/20/2020,Lewis,0,9,1,211
4/21/2020,Lewis,0,9,1,212
4/22/2020,Lewis,0,9,8,220
4/23/2020,Lewis,0,9,3,223
4/24/2020,Lewis,0,9,41,264
4/25/2020,Lewis,0,9,12,276
4/26/2020,Lewis,0,9,14,290
4/27/2020,Lewis,0,9,6,296
4/28/2020,Lewis,0,9,4,300
4/29/2020,Lewis,0,9,14,314
4/30/2020,Lewis,0,9,4,318
5/1/2020,Lewis,0,9,12,330
5/2/2020,Lewis,0,9,1,331
5/3/2020,Lewis,0,9,9,340
5/4/2020,Lewis,0,9,6,346
5/5/2020,Lewis,0,9,4,350
5/6/2020,Lewis,1,10,25,375
5/7/2020,Lewis,0,10,20,395
5/8/2020,Lewis,1,11,85,480
5/9/2020,Lewis,0,11,95,575
5/10/2020,Lewis,0,11,65,640
5/11/2020,Lewis,0,11,16,656
5/12/2020,Lewis,0,11,10,666
5/13/2020,Lewis,1,12,31,697
5/14/2020,Lewis,0,12,236,933
5/15/2020,Lewis,1,13,108,1041
5/16/2020,Lewis,3,16,62,1103
5/17/2020,Lewis,1,17,123,1226
5/18/2020,Lewis,1,18,27,1253
5/19/2020,Lewis,0,18,34,1287
5/20/2020,Lewis,0,18,176,1463
5/21/2020,Lewis,1,19,101,1564
5/22/2020,Lewis,0,19,62,1626
5/23/2020,Lewis,0,19,77,1703
5/24/2020,Lewis,0,19,43,1746
5/25/2020,Lewis,1,20,25,1771
5/26/2020,Lewis,0,20,22,1793
5/27/2020,Lewis,0,20,34,1827
5/28/2020,Lewis,0,20,148,1975
5/29/2020,Lewis,0,20,77,2052
5/30/2020,Lewis,0,20,51,2103
5/31/2020,Lewis,0,20,64,2167
6/1/2020,Lewis,0,20,70,2237
6/2/2020,Lewis,0,20,93,2330
6/3/2020,Lewis,0,20,72,2402
6/4/2020,Lewis,0,20,178,2580
6/5/2020,Lewis,0,20,109,2689
6/6/2020,Lewis,0,20,59,2748
6/7/2020,Lewis,0,20,115,2863
6/8/2020,Lewis,0,20,29,2892
6/9/2020,Lewis,0,20,64,2956
6/10/2020,Lewis,0,20,138,3094
6/11/2020,Lewis,0,20,126,3220
6/12/2020,Lewis,0,20,71,3291
6/13/2020,Lewis,0,20,64,3355
6/14/2020,Lewis,0,20,70,3425
6/15/2020,Lewis,0,20,21,3446
6/16/2020,Lewis,1,21,32,3478
6/17/2020,Lewis,0,21,109,3587
6/18/2020,Lewis,0,21,94,3681
6/19/2020,Lewis,1,22,74,3755
6/20/2020,Lewis,1,23,61,3816
6/21/2020,Lewis,0,23,76,3892
6/22/2020,Lewis,1,24,18,3910
6/23/2020,Lewis,0,24,32,3942
6/24/2020,Lewis,1,25,89,4031
6/25/2020,Lewis,1,26,91,4122
6/26/2020,Lewis,0,26,56,4178
6/27/2020,Lewis,3,29,89,4267
6/28/2020,Lewis,1,30,61,4328
6/29/2020,Lewis,0,30,13,4341
6/30/2020,Lewis,0,30,25,4366
7/1/2020,Lewis,0,30,38,4404
7/2/2020,Lewis,0,30,85,4489
7/3/2020,Lewis,1,31,64,4553
7/4/2020,Lewis,0,31,42,4595
7/5/2020,Lewis,0,31,17,4612
7/6/2020,Lewis,0,31,41,4653
7/7/2020,Lewis,0,31,77,4730
7/8/2020,Lewis,0,31,56,4786
7/9/2020,Lewis,0,31,33,4819
7/10/2020,Lewis,0,31,51,4870
7/11/2020,Lewis,0,31,42,4912
7/12/2020,Lewis,0,31,103,5015
7/13/2020,Lewis,1,32,23,5038
7/14/2020,Lewis,0,32,72,5110
3/2/2020,Livingston,0,0,0,0
3/3/2020,Livingston,0,0,0,0
3/4/2020,Livingston,0,0,0,0
3/5/2020,Livingston,0,0,0,0
3/6/2020,Livingston,0,0,0,0
3/7/2020,Livingston,0,0,0,0
3/8/2020,Livingston,0,0,0,0
3/9/2020,Livingston,0,0,0,0
3/10/2020,Livingston,0,0,1,1
3/11/2020,Livingston,0,0,0,1
3/12/2020,Livingston,0,0,0,1
3/13/2020,Livingston,0,0,0,1
3/14/2020,Livingston,0,0,0,1
3/15/2020,Livingston,0,0,0,1
3/16/2020,Livingston,0,0,0,1
3/17/2020,Livingston,0,0,4,5
3/18/2020,Livingston,0,0,5,10
3/19/2020,Livingston,1,1,11,21
3/20/2020,Livingston,1,2,13,34
3/21/2020,Livingston,0,2,5,39
3/22/2020,Livingston,1,3,3,42
3/23/2020,Livingston,0,3,1,43
3/24/2020,Livingston,0,3,9,52
3/25/2020,Livingston,0,3,15,67
3/26/2020,Livingston,0,3,8,75
3/27/2020,Livingston,2,5,11,86
3/28/2020,Livingston,5,10,17,103
3/29/2020,Livingston,2,12,10,113
3/30/2020,Livingston,1,13,10,123
3/31/2020,Livingston,1,14,24,147
4/1/2020,Livingston,0,14,17,164
4/2/2020,Livingston,2,16,12,176
4/3/2020,Livingston,2,18,18,194
4/4/2020,Livingston,1,19,27,221
4/5/2020,Livingston,3,22,14,235
4/6/2020,Livingston,1,23,18,253
4/7/2020,Livingston,2,25,23,276
4/8/2020,Livingston,1,26,17,293
4/9/2020,Livingston,3,29,26,319
4/10/2020,Livingston,1,30,7,326
4/11/2020,Livingston,0,30,6,332
4/12/2020,Livingston,0,30,5,337
4/13/2020,Livingston,1,31,20,357
4/14/2020,Livingston,0,31,8,365
4/15/2020,Livingston,1,32,8,373
4/16/2020,Livingston,2,34,18,391
4/17/2020,Livingston,3,37,20,411
4/18/2020,Livingston,2,39,30,441
4/19/2020,Livingston,0,39,7,448
4/20/2020,Livingston,0,39,21,469
4/21/2020,Livingston,0,39,15,484
4/22/2020,Livingston,2,41,22,506
4/23/2020,Livingston,3,44,54,560
4/24/2020,Livingston,14,58,295,855
4/25/2020,Livingston,2,60,61,916
4/26/2020,Livingston,2,62,15,931
4/27/2020,Livingston,3,65,24,955
4/28/2020,Livingston,2,67,36,991
4/29/2020,Livingston,2,69,34,1025
4/30/2020,Livingston,4,73,43,1068
5/1/2020,Livingston,3,76,44,1112
5/2/2020,Livingston,7,83,52,1164
5/3/2020,Livingston,2,85,26,1190
5/4/2020,Livingston,1,86,52,1242
5/5/2020,Livingston,3,89,52,1294
5/6/2020,Livingston,6,95,100,1394
5/7/2020,Livingston,5,100,56,1450
5/8/2020,Livingston,1,101,49,1499
5/9/2020,Livingston,1,102,58,1557
5/10/2020,Livingston,0,102,46,1603
5/11/2020,Livingston,0,102,180,1783
5/12/2020,Livingston,1,103,197,1980
5/13/2020,Livingston,3,106,113,2093
5/14/2020,Livingston,0,106,76,2169
5/15/2020,Livingston,1,107,75,2244
5/16/2020,Livingston,3,110,77,2321
5/17/2020,Livingston,0,110,50,2371
5/18/2020,Livingston,1,111,67,2438
5/19/2020,Livingston,0,111,95,2533
5/20/2020,Livingston,3,114,105,2638
5/21/2020,Livingston,0,114,75,2713
5/22/2020,Livingston,0,114,84,2797
5/23/2020,Livingston,0,114,65,2862
5/24/2020,Livingston,1,115,196,3058
5/25/2020,Livingston,3,118,74,3132
5/26/2020,Livingston,0,118,69,3201
5/27/2020,Livingston,0,118,129,3330
5/28/2020,Livingston,0,118,122,3452
5/29/2020,Livingston,0,118,107,3559
5/30/2020,Livingston,1,119,128,3687
5/31/2020,Livingston,0,119,136,3823
6/1/2020,Livingston,0,119,218,4041
6/2/2020,Livingston,1,120,233,4274
6/3/2020,Livingston,0,120,172,4446
6/4/2020,Livingston,1,121,263,4709
6/5/2020,Livingston,0,121,167,4876
6/6/2020,Livingston,0,121,133,5009
6/7/2020,Livingston,0,121,177,5186
6/8/2020,Livingston,0,121,122,5308
6/9/2020,Livingston,0,121,216,5524
6/10/2020,Livingston,0,121,162,5686
6/11/2020,Livingston,0,121,237,5923
6/12/2020,Livingston,1,122,239,6162
6/13/2020,Livingston,1,123,135,6297
6/14/2020,Livingston,0,123,171,6468
6/15/2020,Livingston,0,123,111,6579
6/16/2020,Livingston,0,123,292,6871
6/17/2020,Livingston,0,123,171,7042
6/18/2020,Livingston,0,123,268,7310
6/19/2020,Livingston,0,123,109,7419
6/20/2020,Livingston,0,123,95,7514
6/21/2020,Livingston,1,124,108,7622
6/22/2020,Livingston,1,125,134,7756
6/23/2020,Livingston,0,125,130,7886
6/24/2020,Livingston,1,126,105,7991
6/25/2020,Livingston,0,126,254,8245
6/26/2020,Livingston,0,126,122,8367
6/27/2020,Livingston,2,128,86,8453
6/28/2020,Livingston,0,128,91,8544
6/29/2020,Livingston,1,129,165,8709
6/30/2020,Livingston,1,130,148,8857
7/1/2020,Livingston,0,130,273,9130
7/2/2020,Livingston,0,130,109,9239
7/3/2020,Livingston,1,131,175,9414
7/4/2020,Livingston,1,132,127,9541
7/5/2020,Livingston,1,133,133,9674
7/6/2020,Livingston,1,134,113,9787
7/7/2020,Livingston,3,137,161,9948
7/8/2020,Livingston,3,140,140,10088
7/9/2020,Livingston,4,144,126,10214
7/10/2020,Livingston,1,145,163,10377
7/11/2020,Livingston,2,147,203,10580
7/12/2020,Livingston,0,147,119,10699
7/13/2020,Livingston,4,151,170,10869
7/14/2020,Livingston,0,151,144,11013
3/2/2020,Madison,0,0,0,0
3/3/2020,Madison,0,0,0,0
3/4/2020,Madison,0,0,0,0
3/5/2020,Madison,0,0,0,0
3/6/2020,Madison,0,0,0,0
3/7/2020,Madison,0,0,0,0
3/8/2020,Madison,0,0,0,0
3/9/2020,Madison,0,0,0,0
3/10/2020,Madison,0,0,0,0
3/11/2020,Madison,0,0,0,0
3/12/2020,Madison,0,0,0,0
3/13/2020,Madison,0,0,1,1
3/14/2020,Madison,0,0,1,2
3/15/2020,Madison,0,0,1,3
3/16/2020,Madison,0,0,1,4
3/17/2020,Madison,0,0,0,4
3/18/2020,Madison,0,0,7,11
3/19/2020,Madison,0,0,4,15
3/20/2020,Madison,0,0,9,24
3/21/2020,Madison,1,1,9,33
3/22/2020,Madison,3,4,14,47
3/23/2020,Madison,1,5,10,57
3/24/2020,Madison,2,7,15,72
3/25/2020,Madison,2,9,28,100
3/26/2020,Madison,8,17,23,123
3/27/2020,Madison,2,19,28,151
3/28/2020,Madison,5,24,34,185
3/29/2020,Madison,10,34,30,215
3/30/2020,Madison,7,41,39,254
3/31/2020,Madison,10,51,55,309
4/1/2020,Madison,9,60,67,376
4/2/2020,Madison,10,70,70,446
4/3/2020,Madison,4,74,20,466
4/4/2020,Madison,5,79,28,494
4/5/2020,Madison,3,82,13,507
4/6/2020,Madison,6,88,64,571
4/7/2020,Madison,2,90,43,614
4/8/2020,Madison,1,91,12,626
4/9/2020,Madison,8,99,54,680
4/10/2020,Madison,0,99,7,687
4/11/2020,Madison,2,101,9,696
4/12/2020,Madison,0,101,7,703
4/13/2020,Madison,3,104,50,753
4/14/2020,Madison,1,105,4,757
4/15/2020,Madison,0,105,7,764
4/16/2020,Madison,0,105,2,766
4/17/2020,Madison,0,105,6,772
4/18/2020,Madison,1,106,7,779
4/19/2020,Madison,0,106,4,783
4/20/2020,Madison,0,106,1,784
4/21/2020,Madison,0,106,3,787
4/22/2020,Madison,0,106,7,794
4/23/2020,Madison,0,106,4,798
4/24/2020,Madison,15,121,294,1092
4/25/2020,Madison,2,123,22,1114
4/26/2020,Madison,1,124,16,1130
4/27/2020,Madison,2,126,26,1156
4/28/2020,Madison,0,126,47,1203
4/29/2020,Madison,5,131,12,1215
4/30/2020,Madison,8,139,51,1266
5/1/2020,Madison,10,149,54,1320
5/2/2020,Madison,2,151,26,1346
5/3/2020,Madison,66,217,141,1487
5/4/2020,Madison,6,223,43,1530
5/5/2020,Madison,8,231,192,1722
5/6/2020,Madison,15,246,204,1926
5/7/2020,Madison,3,249,95,2021
5/8/2020,Madison,1,250,50,2071
5/9/2020,Madison,1,251,37,2108
5/10/2020,Madison,0,251,23,2131
5/11/2020,Madison,0,251,17,2148
5/12/2020,Madison,2,253,79,2227
5/13/2020,Madison,2,255,61,2288
5/14/2020,Madison,1,256,30,2318
5/15/2020,Madison,2,258,53,2371
5/16/2020,Madison,0,258,56,2427
5/17/2020,Madison,0,258,44,2471
5/18/2020,Madison,2,260,103,2574
5/19/2020,Madison,32,292,201,2775
5/20/2020,Madison,2,294,101,2876
5/21/2020,Madison,3,297,135,3011
5/22/2020,Madison,4,301,200,3211
5/23/2020,Madison,0,301,105,3316
5/24/2020,Madison,2,303,67,3383
5/25/2020,Madison,0,303,179,3562
5/26/2020,Madison,7,310,330,3892
5/27/2020,Madison,0,310,67,3959
5/28/2020,Madison,0,310,141,4100
5/29/2020,Madison,1,311,187,4287
5/30/2020,Madison,5,316,316,4603
5/31/2020,Madison,0,316,138,4741
6/1/2020,Madison,1,317,98,4839
6/2/2020,Madison,2,319,222,5061
6/3/2020,Madison,0,319,242,5303
6/4/2020,Madison,4,323,279,5582
6/5/2020,Madison,2,325,336,5918
6/6/2020,Madison,2,327,123,6041
6/7/2020,Madison,0,327,148,6189
6/8/2020,Madison,4,331,157,6346
6/9/2020,Madison,0,331,418,6764
6/10/2020,Madison,2,333,234,6998
6/11/2020,Madison,0,333,184,7182
6/12/2020,Madison,0,333,121,7303
6/13/2020,Madison,1,334,297,7600
6/14/2020,Madison,1,335,78,7678
6/15/2020,Madison,1,336,191,7869
6/16/2020,Madison,2,338,104,7973
6/17/2020,Madison,3,341,186,8159
6/18/2020,Madison,1,342,253,8412
6/19/2020,Madison,1,343,242,8654
6/20/2020,Madison,2,345,137,8791
6/21/2020,Madison,2,347,126,8917
6/22/2020,Madison,0,347,204,9121
6/23/2020,Madison,0,347,194,9315
6/24/2020,Madison,2,349,174,9489
6/25/2020,Madison,2,351,278,9767
6/26/2020,Madison,0,351,229,9996
6/27/2020,Madison,1,352,90,10086
6/28/2020,Madison,1,353,130,10216
6/29/2020,Madison,4,357,123,10339
6/30/2020,Madison,0,357,233,10572
7/1/2020,Madison,2,359,188,10760
7/2/2020,Madison,1,360,148,10908
7/3/2020,Madison,3,363,182,11090
7/4/2020,Madison,0,363,111,11201
7/5/2020,Madison,1,364,96,11297
7/6/2020,Madison,3,367,255,11552
7/7/2020,Madison,1,368,307,11859
7/8/2020,Madison,0,368,189,12048
7/9/2020,Madison,3,371,144,12192
7/10/2020,Madison,3,374,159,12351
7/11/2020,Madison,0,374,121,12472
7/12/2020,Madison,1,375,331,12803
7/13/2020,Madison,1,376,214,13017
7/14/2020,Madison,0,376,255,13272
3/2/2020,Monroe,0,0,0,0
3/3/2020,Monroe,0,0,0,0
3/4/2020,Monroe,0,0,0,0
3/5/2020,Monroe,0,0,0,0
3/6/2020,Monroe,0,0,0,0
3/7/2020,Monroe,0,0,2,2
3/8/2020,Monroe,0,0,1,3
3/9/2020,Monroe,0,0,0,3
3/10/2020,Monroe,0,0,0,3
3/11/2020,Monroe,0,0,0,3
3/12/2020,Monroe,1,1,10,13
3/13/2020,Monroe,1,2,4,17
3/14/2020,Monroe,0,2,2,19
3/15/2020,Monroe,7,9,39,58
3/16/2020,Monroe,1,10,29,87
3/17/2020,Monroe,4,14,75,162
3/18/2020,Monroe,13,27,153,315
3/19/2020,Monroe,5,32,193,508
3/20/2020,Monroe,10,42,148,656
3/21/2020,Monroe,15,57,246,902
3/22/2020,Monroe,19,76,416,1318
3/23/2020,Monroe,20,96,219,1537
3/24/2020,Monroe,22,118,172,1709
3/25/2020,Monroe,21,139,255,1964
3/26/2020,Monroe,21,160,232,2196
3/27/2020,Monroe,32,192,253,2449
3/28/2020,Monroe,27,219,282,2731
3/29/2020,Monroe,23,242,129,2860
3/30/2020,Monroe,50,292,383,3243
3/31/2020,Monroe,57,349,356,3599
4/1/2020,Monroe,71,420,381,3980
4/2/2020,Monroe,44,464,336,4316
4/3/2020,Monroe,48,512,328,4644
4/4/2020,Monroe,36,548,277,4921
4/5/2020,Monroe,26,574,225,5146
4/6/2020,Monroe,22,596,305,5451
4/7/2020,Monroe,55,651,420,5871
4/8/2020,Monroe,47,698,382,6253
4/9/2020,Monroe,44,742,380,6633
4/10/2020,Monroe,25,767,284,6917
4/11/2020,Monroe,31,798,220,7137
4/12/2020,Monroe,25,823,157,7294
4/13/2020,Monroe,27,850,304,7598
4/14/2020,Monroe,34,884,353,7951
4/15/2020,Monroe,48,932,259,8210
4/16/2020,Monroe,43,975,296,8506
4/17/2020,Monroe,33,1008,260,8766
4/18/2020,Monroe,24,1032,202,8968
4/19/2020,Monroe,22,1054,188,9156
4/20/2020,Monroe,16,1070,229,9385
4/21/2020,Monroe,42,1112,409,9794
4/22/2020,Monroe,40,1152,500,10294
4/23/2020,Monroe,47,1199,470,10764
4/24/2020,Monroe,86,1285,1134,11898
4/25/2020,Monroe,31,1316,341,12239
4/26/2020,Monroe,15,1331,234,12473
4/27/2020,Monroe,40,1371,543,13016
4/28/2020,Monroe,33,1404,530,13546
4/29/2020,Monroe,37,1441,469,14015
4/30/2020,Monroe,37,1478,579,14594
5/1/2020,Monroe,56,1534,520,15114
5/2/2020,Monroe,32,1566,571,15685
5/3/2020,Monroe,29,1595,914,16599
5/4/2020,Monroe,28,1623,721,17320
5/5/2020,Monroe,32,1655,842,18162
5/6/2020,Monroe,33,1688,1088,19250
5/7/2020,Monroe,47,1735,1042,20292
5/8/2020,Monroe,40,1775,1114,21406
5/9/2020,Monroe,46,1821,1148,22554
5/10/2020,Monroe,29,1850,864,23418
5/11/2020,Monroe,40,1890,797,24215
5/12/2020,Monroe,69,1959,1423,25638
5/13/2020,Monroe,60,2019,1401,27039
5/14/2020,Monroe,72,2091,1332,28371
5/15/2020,Monroe,101,2192,1427,29798
5/16/2020,Monroe,66,2258,1508,31306
5/17/2020,Monroe,45,2303,1324,32630
5/18/2020,Monroe,73,2376,1304,33934
5/19/2020,Monroe,89,2465,2033,35967
5/20/2020,Monroe,65,2530,1852,37819
5/21/2020,Monroe,71,2601,2061,39880
5/22/2020,Monroe,60,2661,1198,41078
5/23/2020,Monroe,36,2697,846,41924
5/24/2020,Monroe,36,2733,1729,43653
5/25/2020,Monroe,29,2762,1595,45248
5/26/2020,Monroe,29,2791,1297,46545
5/27/2020,Monroe,33,2824,1632,48177
5/28/2020,Monroe,36,2860,1127,49304
5/29/2020,Monroe,49,2909,1322,50626
5/30/2020,Monroe,33,2942,2828,53454
5/31/2020,Monroe,22,2964,1994,55448
6/1/2020,Monroe,25,2989,2340,57788
6/2/2020,Monroe,59,3048,3979,61767
6/3/2020,Monroe,33,3081,2854,64621
6/4/2020,Monroe,36,3117,2438,67059
6/5/2020,Monroe,50,3167,4685,71744
6/6/2020,Monroe,23,3190,3231,74975
6/7/2020,Monroe,13,3203,2881,77856
6/8/2020,Monroe,40,3243,3245,81101
6/9/2020,Monroe,12,3255,2985,84086
6/10/2020,Monroe,38,3293,2680,86766
6/11/2020,Monroe,27,3320,3200,89966
6/12/2020,Monroe,20,3340,2748,92714
6/13/2020,Monroe,30,3370,3306,96020
6/14/2020,Monroe,10,3380,2541,98561
6/15/2020,Monroe,22,3402,2556,101117
6/16/2020,Monroe,16,3418,2668,103785
6/17/2020,Monroe,21,3439,1704,105489
6/18/2020,Monroe,22,3461,1725,107214
6/19/2020,Monroe,26,3487,2028,109242
6/20/2020,Monroe,11,3498,2118,111360
6/21/2020,Monroe,14,3512,1708,113068
6/22/2020,Monroe,28,3540,2314,115382
6/23/2020,Monroe,27,3567,1882,117264
6/24/2020,Monroe,35,3602,2174,119438
6/25/2020,Monroe,39,3641,2194,121632
6/26/2020,Monroe,35,3676,2250,123882
6/27/2020,Monroe,14,3690,2107,125989
6/28/2020,Monroe,19,3709,2132,128121
6/29/2020,Monroe,33,3742,2744,130865
6/30/2020,Monroe,38,3780,2184,133049
7/1/2020,Monroe,53,3833,2715,135764
7/2/2020,Monroe,52,3885,2605,138369
7/3/2020,Monroe,37,3922,4769,143138
7/4/2020,Monroe,31,3953,2830,145968
7/5/2020,Monroe,21,3974,1765,147733
7/6/2020,Monroe,30,4004,2481,150214
7/7/2020,Monroe,42,4046,2511,152725
7/8/2020,Monroe,28,4074,2744,155469
7/9/2020,Monroe,46,4120,2501,157970
7/10/2020,Monroe,33,4153,2660,160630
7/11/2020,Monroe,24,4177,2666,163296
7/12/2020,Monroe,23,4200,2037,165333
7/13/2020,Monroe,47,4247,3260,168593
7/14/2020,Monroe,34,4281,2854,171447
3/2/2020,Montgomery,0,0,0,0
3/3/2020,Montgomery,0,0,0,0
3/4/2020,Montgomery,0,0,0,0
3/5/2020,Montgomery,0,0,0,0
3/6/2020,Montgomery,0,0,0,0
3/7/2020,Montgomery,0,0,0,0
3/8/2020,Montgomery,0,0,0,0
3/9/2020,Montgomery,0,0,0,0
3/10/2020,Montgomery,0,0,1,1
3/11/2020,Montgomery,0,0,1,2
3/12/2020,Montgomery,0,0,0,2
3/13/2020,Montgomery,0,0,0,2
3/14/2020,Montgomery,1,1,3,5
3/15/2020,Montgomery,0,1,4,9
3/16/2020,Montgomery,0,1,1,10
3/17/2020,Montgomery,1,2,14,24
3/18/2020,Montgomery,0,2,14,38
3/19/2020,Montgomery,0,2,4,42
3/20/2020,Montgomery,1,3,27,69
3/21/2020,Montgomery,0,3,20,89
3/22/2020,Montgomery,0,3,6,95
3/23/2020,Montgomery,0,3,5,100
3/24/2020,Montgomery,1,4,5,105
3/25/2020,Montgomery,1,5,5,110
3/26/2020,Montgomery,0,5,7,117
3/27/2020,Montgomery,0,5,10,127
3/28/2020,Montgomery,1,6,6,133
3/29/2020,Montgomery,0,6,2,135
3/30/2020,Montgomery,1,7,8,143
3/31/2020,Montgomery,0,7,4,147
4/1/2020,Montgomery,1,8,10,157
4/2/2020,Montgomery,2,10,8,165
4/3/2020,Montgomery,3,13,11,176
4/4/2020,Montgomery,2,15,14,190
4/5/2020,Montgomery,0,15,8,198
4/6/2020,Montgomery,3,18,20,218
4/7/2020,Montgomery,0,18,9,227
4/8/2020,Montgomery,10,28,24,251
4/9/2020,Montgomery,1,29,13,264
4/10/2020,Montgomery,0,29,8,272
4/11/2020,Montgomery,0,29,1,273
4/12/2020,Montgomery,0,29,2,275
4/13/2020,Montgomery,3,32,56,331
4/14/2020,Montgomery,0,32,0,331
4/15/2020,Montgomery,0,32,5,336
4/16/2020,Montgomery,1,33,10,346
4/17/2020,Montgomery,1,34,4,350
4/18/2020,Montgomery,1,35,4,354
4/19/2020,Montgomery,0,35,4,358
4/20/2020,Montgomery,2,37,3,361
4/21/2020,Montgomery,1,38,3,364
4/22/2020,Montgomery,1,39,7,371
4/23/2020,Montgomery,0,39,6,377
4/24/2020,Montgomery,7,46,226,603
4/25/2020,Montgomery,1,47,35,638
4/26/2020,Montgomery,0,47,9,647
4/27/2020,Montgomery,2,49,19,666
4/28/2020,Montgomery,2,51,18,684
4/29/2020,Montgomery,2,53,14,698
4/30/2020,Montgomery,1,54,29,727
5/1/2020,Montgomery,0,54,27,754
5/2/2020,Montgomery,2,56,53,807
5/3/2020,Montgomery,0,56,19,826
5/4/2020,Montgomery,5,61,28,854
5/5/2020,Montgomery,2,63,46,900
5/6/2020,Montgomery,0,63,34,934
5/7/2020,Montgomery,1,64,36,970
5/8/2020,Montgomery,2,66,36,1006
5/9/2020,Montgomery,1,67,33,1039
5/10/2020,Montgomery,0,67,30,1069
5/11/2020,Montgomery,0,67,62,1131
5/12/2020,Montgomery,1,68,115,1246
5/13/2020,Montgomery,1,69,177,1423
5/14/2020,Montgomery,3,72,46,1469
5/15/2020,Montgomery,3,75,93,1562
5/16/2020,Montgomery,0,75,52,1614
5/17/2020,Montgomery,0,75,38,1652
5/18/2020,Montgomery,0,75,25,1677
5/19/2020,Montgomery,0,75,43,1720
5/20/2020,Montgomery,2,77,96,1816
5/21/2020,Montgomery,0,77,130,1946
5/22/2020,Montgomery,0,77,79,2025
5/23/2020,Montgomery,2,79,131,2156
5/24/2020,Montgomery,0,79,159,2315
5/25/2020,Montgomery,1,80,41,2356
5/26/2020,Montgomery,2,82,47,2403
5/27/2020,Montgomery,0,82,341,2744
5/28/2020,Montgomery,2,84,182,2926
5/29/2020,Montgomery,5,89,222,3148
5/30/2020,Montgomery,2,91,95,3243
5/31/2020,Montgomery,0,91,186,3429
6/1/2020,Montgomery,2,93,104,3533
6/2/2020,Montgomery,1,94,213,3746
6/3/2020,Montgomery,2,96,311,4057
6/4/2020,Montgomery,0,96,314,4371
6/5/2020,Montgomery,2,98,370,4741
6/6/2020,Montgomery,2,100,226,4967
6/7/2020,Montgomery,0,100,246,5213
6/8/2020,Montgomery,0,100,240,5453
6/9/2020,Montgomery,0,100,149,5602
6/10/2020,Montgomery,1,101,235,5837
6/11/2020,Montgomery,2,103,327,6164
6/12/2020,Montgomery,0,103,218,6382
6/13/2020,Montgomery,1,104,178,6560
6/14/2020,Montgomery,0,104,137,6697
6/15/2020,Montgomery,0,104,125,6822
6/16/2020,Montgomery,0,104,76,6898
6/17/2020,Montgomery,1,105,151,7049
6/18/2020,Montgomery,1,106,224,7273
6/19/2020,Montgomery,0,106,156,7429
6/20/2020,Montgomery,0,106,221,7650
6/21/2020,Montgomery,2,108,237,7887
6/22/2020,Montgomery,1,109,162,8049
6/23/2020,Montgomery,1,110,63,8112
6/24/2020,Montgomery,1,111,160,8272
6/25/2020,Montgomery,2,113,163,8435
6/26/2020,Montgomery,3,116,210,8645
6/27/2020,Montgomery,2,118,312,8957
6/28/2020,Montgomery,0,118,174,9131
6/29/2020,Montgomery,0,118,127,9258
6/30/2020,Montgomery,0,118,83,9341
7/1/2020,Montgomery,1,119,179,9520
7/2/2020,Montgomery,0,119,169,9689
7/3/2020,Montgomery,0,119,167,9856
7/4/2020,Montgomery,0,119,242,10098
7/5/2020,Montgomery,1,120,170,10268
7/6/2020,Montgomery,1,121,169,10437
7/7/2020,Montgomery,0,121,76,10513
7/8/2020,Montgomery,4,125,174,10687
7/9/2020,Montgomery,3,128,202,10889
7/10/2020,Montgomery,2,130,202,11091
7/11/2020,Montgomery,2,132,229,11320
7/12/2020,Montgomery,1,133,131,11451
7/13/2020,Montgomery,8,141,230,11681
7/14/2020,Montgomery,0,141,94,11775
3/2/2020,Nassau,0,0,0,0
3/3/2020,Nassau,0,0,0,0
3/4/2020,Nassau,0,0,0,0
3/5/2020,Nassau,1,1,1,1
3/6/2020,Nassau,3,4,10,11
3/7/2020,Nassau,2,6,5,16
3/8/2020,Nassau,4,10,11,27
3/9/2020,Nassau,4,14,15,42
3/10/2020,Nassau,6,20,22,64
3/11/2020,Nassau,11,31,58,122
3/12/2020,Nassau,14,45,86,208
3/13/2020,Nassau,19,64,100,308
3/14/2020,Nassau,20,84,82,390
3/15/2020,Nassau,23,107,109,499
3/16/2020,Nassau,24,131,112,611
3/17/2020,Nassau,52,183,218,829
3/18/2020,Nassau,186,369,632,1461
3/19/2020,Nassau,385,754,1036,2497
3/20/2020,Nassau,479,1233,1706,4203
3/21/2020,Nassau,667,1900,1968,6171
3/22/2020,Nassau,542,2442,1323,7494
3/23/2020,Nassau,427,2869,993,8487
3/24/2020,Nassau,416,3285,896,9383
3/25/2020,Nassau,629,3914,1735,11118
3/26/2020,Nassau,743,4657,1412,12530
3/27/2020,Nassau,880,5537,1827,14357
3/28/2020,Nassau,908,6445,2107,16464
3/29/2020,Nassau,899,7344,1830,18294
3/30/2020,Nassau,1200,8544,2261,20555
3/31/2020,Nassau,1010,9554,1845,22400
4/1/2020,Nassau,1033,10587,1908,24308
4/2/2020,Nassau,1437,12024,2663,26971
4/3/2020,Nassau,1322,13346,2694,29665
4/4/2020,Nassau,1052,14398,2195,31860
4/5/2020,Nassau,1218,15616,2363,34223
4/6/2020,Nassau,994,16610,2097,36320
4/7/2020,Nassau,1938,18548,4179,40499
4/8/2020,Nassau,1592,20140,3598,44097
4/9/2020,Nassau,1372,21512,3021,47118
4/10/2020,Nassau,1072,22584,2527,49645
4/11/2020,Nassau,969,23553,2307,51952
4/12/2020,Nassau,805,24358,2072,54024
4/13/2020,Nassau,892,25250,2283,56307
4/14/2020,Nassau,1465,26715,3155,59462
4/15/2020,Nassau,1057,27772,2814,62276
4/16/2020,Nassau,767,28539,2386,64662
4/17/2020,Nassau,641,29180,1973,66635
4/18/2020,Nassau,833,30013,2658,69293
4/19/2020,Nassau,664,30677,2196,71489
4/20/2020,Nassau,402,31079,1385,72874
4/21/2020,Nassau,476,31555,1697,74571
4/22/2020,Nassau,569,32124,1980,76551
4/23/2020,Nassau,641,32765,2787,79338
4/24/2020,Nassau,1033,33798,4225,83563
4/25/2020,Nassau,724,34522,3334,86897
4/26/2020,Nassau,343,34865,1871,88768
4/27/2020,Nassau,220,35085,1499,90267
4/28/2020,Nassau,420,35505,2509,92776
4/29/2020,Nassau,349,35854,2424,95200
4/30/2020,Nassau,307,36161,2108,97308
5/1/2020,Nassau,358,36519,2384,99692
5/2/2020,Nassau,261,36780,2194,101886
5/3/2020,Nassau,185,36965,1736,103622
5/4/2020,Nassau,187,37152,1822,105444
5/5/2020,Nassau,198,37350,1765,107209
5/6/2020,Nassau,243,37593,2658,109867
5/7/2020,Nassau,219,37812,2050,111917
5/8/2020,Nassau,216,38028,2390,114307
5/9/2020,Nassau,189,38217,2260,116567
5/10/2020,Nassau,120,38337,1756,118323
5/11/2020,Nassau,97,38434,1558,119881
5/12/2020,Nassau,153,38587,2374,122255
5/13/2020,Nassau,156,38743,2633,124888
5/14/2020,Nassau,121,38864,2363,127251
5/15/2020,Nassau,169,39033,2478,129729
5/16/2020,Nassau,103,39136,2020,131749
5/17/2020,Nassau,89,39225,1749,133498
5/18/2020,Nassau,70,39295,1635,135133
5/19/2020,Nassau,73,39368,2281,137414
5/20/2020,Nassau,119,39487,3112,140526
5/21/2020,Nassau,121,39608,3097,143623
5/22/2020,Nassau,118,39726,4188,147811
5/23/2020,Nassau,111,39837,3739,151550
5/24/2020,Nassau,70,39907,2891,154441
5/25/2020,Nassau,67,39974,2269,156710
5/26/2020,Nassau,60,40034,2390,159100
5/27/2020,Nassau,106,40140,4664,163764
5/28/2020,Nassau,86,40226,4760,168524
5/29/2020,Nassau,81,40307,4710,173234
5/30/2020,Nassau,89,40396,4112,177346
5/31/2020,Nassau,83,40479,3878,181224
6/1/2020,Nassau,93,40572,3851,185075
6/2/2020,Nassau,72,40644,4433,189508
6/3/2020,Nassau,69,40713,5104,194612
6/4/2020,Nassau,84,40797,5177,199789
6/5/2020,Nassau,56,40853,5533,205322
6/6/2020,Nassau,51,40904,4119,209441
6/7/2020,Nassau,43,40947,4033,213474
6/8/2020,Nassau,33,40980,3159,216633
6/9/2020,Nassau,35,41015,4210,220843
6/10/2020,Nassau,45,41060,4869,225712
6/11/2020,Nassau,54,41114,4796,230508
6/12/2020,Nassau,58,41172,5228,235736
6/13/2020,Nassau,32,41204,4039,239775
6/14/2020,Nassau,36,41240,3939,243714
6/15/2020,Nassau,50,41290,4585,248299
6/16/2020,Nassau,30,41320,4270,252569
6/17/2020,Nassau,29,41349,5054,257623
6/18/2020,Nassau,38,41387,5646,263269
6/19/2020,Nassau,56,41443,4698,267967
6/20/2020,Nassau,36,41479,5000,272967
6/21/2020,Nassau,34,41513,4104,277071
6/22/2020,Nassau,31,41544,3374,280445
6/23/2020,Nassau,41,41585,3983,284428
6/24/2020,Nassau,61,41646,5618,290046
6/25/2020,Nassau,38,41684,3867,293913
6/26/2020,Nassau,41,41725,5282,299195
6/27/2020,Nassau,29,41754,5255,304450
6/28/2020,Nassau,26,41780,3856,308306
6/29/2020,Nassau,27,41807,3478,311784
6/30/2020,Nassau,46,41853,3842,315626
7/1/2020,Nassau,57,41910,5297,320923
7/2/2020,Nassau,37,41947,4562,325485
7/3/2020,Nassau,41,41988,4709,330194
7/4/2020,Nassau,43,42031,6290,336484
7/5/2020,Nassau,22,42053,3801,340285
7/6/2020,Nassau,35,42088,4066,344351
7/7/2020,Nassau,34,42122,3792,348143
7/8/2020,Nassau,42,42164,5038,353181
7/9/2020,Nassau,68,42232,6711,359892
7/10/2020,Nassau,35,42267,5718,365610
7/11/2020,Nassau,40,42307,5168,370778
7/12/2020,Nassau,47,42354,4319,375097
7/13/2020,Nassau,69,42423,3898,378995
7/14/2020,Nassau,39,42462,4295,383290
3/2/2020,New York,0,0,0,0
3/3/2020,New York,0,0,3,3
3/4/2020,New York,1,1,4,7
3/5/2020,New York,1,2,18,25
3/6/2020,New York,3,5,14,39
3/7/2020,New York,0,5,22,61
3/8/2020,New York,0,5,24,85
3/9/2020,New York,7,12,47,132
3/10/2020,New York,12,24,78,210
3/11/2020,New York,3,27,70,280
3/12/2020,New York,18,45,186,466
3/13/2020,New York,39,84,268,734
3/14/2020,New York,28,112,193,927
3/15/2020,New York,60,172,317,1244
3/16/2020,New York,69,241,398,1642
3/17/2020,New York,161,402,598,2240
3/18/2020,New York,335,737,1074,3314
3/19/2020,New York,437,1174,1235,4549
3/20/2020,New York,370,1544,1263,5812
3/21/2020,New York,522,2066,1370,7182
3/22/2020,New York,607,2673,1367,8549
3/23/2020,New York,405,3078,990,9539
3/24/2020,New York,442,3520,1065,10604
3/25/2020,New York,542,4062,1232,11836
3/26/2020,New York,523,4585,1062,12898
3/27/2020,New York,631,5216,1314,14212
3/28/2020,New York,590,5806,1160,15372
3/29/2020,New York,422,6228,788,16160
3/30/2020,New York,648,6876,1422,17582
3/31/2020,New York,497,7373,1015,18597
4/1/2020,New York,470,7843,1002,19599
4/2/2020,New York,609,8452,1294,20893
4/3/2020,New York,848,9300,1820,22713
4/4/2020,New York,598,9898,1278,23991
4/5/2020,New York,542,10440,1162,25153
4/6/2020,New York,572,11012,1249,26402
4/7/2020,New York,492,11504,1257,27659
4/8/2020,New York,602,12106,1424,29083
4/9/2020,New York,616,12722,1659,30742
4/10/2020,New York,715,13437,1685,32427
4/11/2020,New York,708,14145,1783,34210
4/12/2020,New York,356,14501,1033,35243
4/13/2020,New York,379,14880,1206,36449
4/14/2020,New York,1737,16617,4068,40517
4/15/2020,New York,474,17091,1533,42050
4/16/2020,New York,399,17490,1476,43526
4/17/2020,New York,442,17932,1585,45111
4/18/2020,New York,288,18220,1093,46204
4/19/2020,New York,248,18468,954,47158
4/20/2020,New York,231,18699,1099,48257
4/21/2020,New York,326,19025,1430,49687
4/22/2020,New York,323,19348,1581,51268
4/23/2020,New York,506,19854,2654,53922
4/24/2020,New York,426,20280,2110,56032
4/25/2020,New York,493,20773,2354,58386
4/26/2020,New York,324,21097,2007,60393
4/27/2020,New York,215,21312,1650,62043
4/28/2020,New York,292,21604,2260,64303
4/29/2020,New York,316,21920,2299,66602
4/30/2020,New York,255,22175,2205,68807
5/1/2020,New York,321,22496,2606,71413
5/2/2020,New York,245,22741,2214,73627
5/3/2020,New York,159,22900,1524,75151
5/4/2020,New York,154,23054,2246,77397
5/5/2020,New York,203,23257,2499,79896
5/6/2020,New York,272,23529,2966,82862
5/7/2020,New York,201,23730,3036,85898
5/8/2020,New York,151,23881,2633,88531
5/9/2020,New York,96,23977,2336,90867
5/10/2020,New York,85,24062,1496,92363
5/11/2020,New York,129,24191,1984,94347
5/12/2020,New York,157,24348,2825,97172
5/13/2020,New York,177,24525,3697,100869
5/14/2020,New York,307,24832,3933,104802
5/15/2020,New York,150,24982,3469,108271
5/16/2020,New York,148,25130,3096,111367
5/17/2020,New York,86,25216,2019,113386
5/18/2020,New York,77,25293,2830,116216
5/19/2020,New York,98,25391,3685,119901
5/20/2020,New York,131,25522,4219,124120
5/21/2020,New York,150,25672,4363,128483
5/22/2020,New York,134,25806,4582,133065
5/23/2020,New York,103,25909,4187,137252
5/24/2020,New York,100,26009,3356,140608
5/25/2020,New York,83,26092,3635,144243
5/26/2020,New York,121,26213,3599,147842
5/27/2020,New York,134,26347,6888,154730
5/28/2020,New York,133,26480,7418,162148
5/29/2020,New York,96,26576,5678,167826
5/30/2020,New York,77,26653,4425,172251
5/31/2020,New York,68,26721,4385,176636
6/1/2020,New York,93,26814,5161,181797
6/2/2020,New York,72,26886,4211,186008
6/3/2020,New York,82,26968,4377,190385
6/4/2020,New York,69,27037,4416,194801
6/5/2020,New York,85,27122,5322,200123
6/6/2020,New York,56,27178,4711,204834
6/7/2020,New York,39,27217,4045,208879
6/8/2020,New York,41,27258,3953,212832
6/9/2020,New York,66,27324,5433,218265
6/10/2020,New York,60,27384,4991,223256
6/11/2020,New York,68,27452,5660,228916
6/12/2020,New York,77,27529,6296,235212
6/13/2020,New York,44,27573,5525,240737
6/14/2020,New York,54,27627,6036,246773
6/15/2020,New York,50,27677,6158,252931
6/16/2020,New York,31,27708,5830,258761
6/17/2020,New York,52,27760,6701,265462
6/18/2020,New York,64,27824,7866,273328
6/19/2020,New York,67,27891,7972,281300
6/20/2020,New York,75,27966,7602,288902
6/21/2020,New York,51,28017,4871,293773
6/22/2020,New York,58,28075,4887,298660
6/23/2020,New York,57,28132,4933,303593
6/24/2020,New York,60,28192,6494,310087
6/25/2020,New York,58,28250,6504,316591
6/26/2020,New York,81,28331,8749,325340
6/27/2020,New York,49,28380,5886,331226
6/28/2020,New York,21,28401,4009,335235
6/29/2020,New York,46,28447,5287,340522
6/30/2020,New York,71,28518,6206,346728
7/1/2020,New York,78,28596,7185,353913
7/2/2020,New York,102,28698,7062,360975
7/3/2020,New York,62,28760,6201,367176
7/4/2020,New York,44,28804,5736,372912
7/5/2020,New York,66,28870,7734,380646
7/6/2020,New York,50,28920,6251,386897
7/7/2020,New York,53,28973,6976,393873
7/8/2020,New York,56,29029,6504,400377
7/9/2020,New York,80,29109,8363,408740
7/10/2020,New York,56,29165,8216,416956
7/11/2020,New York,72,29237,6860,423816
7/12/2020,New York,65,29302,5419,429235
7/13/2020,New York,61,29363,5426,434661
7/14/2020,New York,79,29442,6910,441571
3/2/2020,Niagara,0,0,0,0
3/3/2020,Niagara,0,0,0,0
3/4/2020,Niagara,0,0,0,0
3/5/2020,Niagara,0,0,0,0
3/6/2020,Niagara,0,0,0,0
3/7/2020,Niagara,0,0,0,0
3/8/2020,Niagara,0,0,1,1
3/9/2020,Niagara,0,0,0,1
3/10/2020,Niagara,0,0,0,1
3/11/2020,Niagara,0,0,1,2
3/12/2020,Niagara,0,0,1,3
3/13/2020,Niagara,0,0,0,3
3/14/2020,Niagara,0,0,1,4
3/15/2020,Niagara,0,0,0,4
3/16/2020,Niagara,0,0,1,5
3/17/2020,Niagara,0,0,1,6
3/18/2020,Niagara,1,1,10,16
3/19/2020,Niagara,2,3,4,20
3/20/2020,Niagara,1,4,6,26
3/21/2020,Niagara,2,6,9,35
3/22/2020,Niagara,4,10,38,73
3/23/2020,Niagara,1,11,15,88
3/24/2020,Niagara,1,12,16,104
3/25/2020,Niagara,2,14,10,114
3/26/2020,Niagara,9,23,55,169
3/27/2020,Niagara,10,33,57,226
3/28/2020,Niagara,5,38,18,244
3/29/2020,Niagara,3,41,6,250
3/30/2020,Niagara,1,42,15,265
3/31/2020,Niagara,4,46,13,278
4/1/2020,Niagara,30,76,89,367
4/2/2020,Niagara,18,94,61,428
4/3/2020,Niagara,7,101,47,475
4/4/2020,Niagara,15,116,54,529
4/5/2020,Niagara,4,120,44,573
4/6/2020,Niagara,6,126,44,617
4/7/2020,Niagara,8,134,39,656
4/8/2020,Niagara,12,146,53,709
4/9/2020,Niagara,10,156,79,788
4/10/2020,Niagara,11,167,46,834
4/11/2020,Niagara,16,183,62,896
4/12/2020,Niagara,6,189,29,925
4/13/2020,Niagara,8,197,48,973
4/14/2020,Niagara,7,204,57,1030
4/15/2020,Niagara,12,216,82,1112
4/16/2020,Niagara,11,227,56,1168
4/17/2020,Niagara,7,234,53,1221
4/18/2020,Niagara,12,246,69,1290
4/19/2020,Niagara,9,255,48,1338
4/20/2020,Niagara,5,260,53,1391
4/21/2020,Niagara,8,268,49,1440
4/22/2020,Niagara,27,295,195,1635
4/23/2020,Niagara,37,332,192,1827
4/24/2020,Niagara,12,344,107,1934
4/25/2020,Niagara,24,368,142,2076
4/26/2020,Niagara,10,378,95,2171
4/27/2020,Niagara,8,386,89,2260
4/28/2020,Niagara,15,401,130,2390
4/29/2020,Niagara,19,420,154,2544
4/30/2020,Niagara,20,440,239,2783
5/1/2020,Niagara,17,457,269,3052
5/2/2020,Niagara,17,474,184,3236
5/3/2020,Niagara,19,493,318,3554
5/4/2020,Niagara,15,508,198,3752
5/5/2020,Niagara,41,549,353,4105
5/6/2020,Niagara,39,588,282,4387
5/7/2020,Niagara,17,605,257,4644
5/8/2020,Niagara,22,627,273,4917
5/9/2020,Niagara,16,643,359,5276
5/10/2020,Niagara,12,655,176,5452
5/11/2020,Niagara,16,671,186,5638
5/12/2020,Niagara,19,690,343,5981
5/13/2020,Niagara,20,710,330,6311
5/14/2020,Niagara,33,743,530,6841
5/15/2020,Niagara,27,770,383,7224
5/16/2020,Niagara,22,792,421,7645
5/17/2020,Niagara,26,818,325,7970
5/18/2020,Niagara,27,845,271,8241
5/19/2020,Niagara,13,858,370,8611
5/20/2020,Niagara,22,880,540,9151
5/21/2020,Niagara,17,897,655,9806
5/22/2020,Niagara,30,927,501,10307
5/23/2020,Niagara,14,941,355,10662
5/24/2020,Niagara,14,955,501,11163
5/25/2020,Niagara,10,965,366,11529
5/26/2020,Niagara,7,972,247,11776
5/27/2020,Niagara,12,984,502,12278
5/28/2020,Niagara,24,1008,583,12861
5/29/2020,Niagara,12,1020,447,13308
5/30/2020,Niagara,17,1037,495,13803
5/31/2020,Niagara,9,1046,420,14223
6/1/2020,Niagara,2,1048,485,14708
6/2/2020,Niagara,19,1067,655,15363
6/3/2020,Niagara,18,1085,739,16102
6/4/2020,Niagara,14,1099,726,16828
6/5/2020,Niagara,10,1109,999,17827
6/6/2020,Niagara,3,1112,521,18348
6/7/2020,Niagara,4,1116,419,18767
6/8/2020,Niagara,9,1125,942,19709
6/9/2020,Niagara,4,1129,510,20219
6/10/2020,Niagara,7,1136,623,20842
6/11/2020,Niagara,7,1143,718,21560
6/12/2020,Niagara,11,1154,630,22190
6/13/2020,Niagara,12,1166,745,22935
6/14/2020,Niagara,3,1169,464,23399
6/15/2020,Niagara,2,1171,424,23823
6/16/2020,Niagara,6,1177,505,24328
6/17/2020,Niagara,6,1183,850,25178
6/18/2020,Niagara,2,1185,977,26155
6/19/2020,Niagara,3,1188,621,26776
6/20/2020,Niagara,4,1192,531,27307
6/21/2020,Niagara,1,1193,402,27709
6/22/2020,Niagara,2,1195,371,28080
6/23/2020,Niagara,4,1199,803,28883
6/24/2020,Niagara,4,1203,963,29846
6/25/2020,Niagara,10,1213,606,30452
6/26/2020,Niagara,10,1223,820,31272
6/27/2020,Niagara,3,1226,513,31785
6/28/2020,Niagara,2,1228,385,32170
6/29/2020,Niagara,6,1234,622,32792
6/30/2020,Niagara,3,1237,517,33309
7/1/2020,Niagara,11,1248,987,34296
7/2/2020,Niagara,14,1262,763,35059
7/3/2020,Niagara,15,1277,683,35742
7/4/2020,Niagara,7,1284,476,36218
7/5/2020,Niagara,6,1290,360,36578
7/6/2020,Niagara,7,1297,442,37020
7/7/2020,Niagara,10,1307,718,37738
7/8/2020,Niagara,8,1315,826,38564
7/9/2020,Niagara,12,1327,835,39399
7/10/2020,Niagara,7,1334,533,39932
7/11/2020,Niagara,6,1340,720,40652
7/12/2020,Niagara,2,1342,266,40918
7/13/2020,Niagara,9,1351,685,41603
7/14/2020,Niagara,5,1356,665,42268
3/2/2020,Oneida,0,0,0,0
3/3/2020,Oneida,0,0,0,0
3/4/2020,Oneida,0,0,2,2
3/5/2020,Oneida,0,0,0,2
3/6/2020,Oneida,0,0,0,2
3/7/2020,Oneida,0,0,0,2
3/8/2020,Oneida,0,0,0,2
3/9/2020,Oneida,0,0,0,2
3/10/2020,Oneida,0,0,0,2
3/11/2020,Oneida,0,0,1,3
3/12/2020,Oneida,0,0,1,4
3/13/2020,Oneida,0,0,1,5
3/14/2020,Oneida,0,0,1,6
3/15/2020,Oneida,0,0,3,9
3/16/2020,Oneida,0,0,1,10
3/17/2020,Oneida,0,0,4,14
3/18/2020,Oneida,2,2,14,28
3/19/2020,Oneida,0,2,7,35
3/20/2020,Oneida,2,4,59,94
3/21/2020,Oneida,1,5,30,124
3/22/2020,Oneida,2,7,36,160
3/23/2020,Oneida,1,8,24,184
3/24/2020,Oneida,1,9,48,232
3/25/2020,Oneida,4,13,22,254
3/26/2020,Oneida,0,13,41,295
3/27/2020,Oneida,10,23,43,338
3/28/2020,Oneida,3,26,26,364
3/29/2020,Oneida,8,34,26,390
3/30/2020,Oneida,6,40,57,447
3/31/2020,Oneida,10,50,58,505
4/1/2020,Oneida,11,61,82,587
4/2/2020,Oneida,10,71,77,664
4/3/2020,Oneida,9,80,58,722
4/4/2020,Oneida,7,87,55,777
4/5/2020,Oneida,13,100,87,864
4/6/2020,Oneida,18,118,90,954
4/7/2020,Oneida,7,125,59,1013
4/8/2020,Oneida,33,158,104,1117
4/9/2020,Oneida,14,172,85,1202
4/10/2020,Oneida,9,181,42,1244
4/11/2020,Oneida,14,195,83,1327
4/12/2020,Oneida,11,206,61,1388
4/13/2020,Oneida,23,229,100,1488
4/14/2020,Oneida,17,246,79,1567
4/15/2020,Oneida,3,249,32,1599
4/16/2020,Oneida,12,261,82,1681
4/17/2020,Oneida,7,268,85,1766
4/18/2020,Oneida,7,275,52,1818
4/19/2020,Oneida,4,279,75,1893
4/20/2020,Oneida,5,284,133,2026
4/21/2020,Oneida,17,301,117,2143
4/22/2020,Oneida,16,317,174,2317
4/23/2020,Oneida,6,323,67,2384
4/24/2020,Oneida,41,364,401,2785
4/25/2020,Oneida,20,384,112,2897
4/26/2020,Oneida,13,397,128,3025
4/27/2020,Oneida,14,411,132,3157
4/28/2020,Oneida,11,422,124,3281
4/29/2020,Oneida,17,439,145,3426
4/30/2020,Oneida,12,451,149,3575
5/1/2020,Oneida,23,474,185,3760
5/2/2020,Oneida,15,489,149,3909
5/3/2020,Oneida,61,550,241,4150
5/4/2020,Oneida,24,574,247,4397
5/5/2020,Oneida,5,579,234,4631
5/6/2020,Oneida,30,609,375,5006
5/7/2020,Oneida,11,620,323,5329
5/8/2020,Oneida,18,638,296,5625
5/9/2020,Oneida,22,660,329,5954
5/10/2020,Oneida,9,669,269,6223
5/11/2020,Oneida,7,676,161,6384
5/12/2020,Oneida,10,686,397,6781
5/13/2020,Oneida,12,698,376,7157
5/14/2020,Oneida,15,713,268,7425
5/15/2020,Oneida,38,751,342,7767
5/16/2020,Oneida,9,760,209,7976
5/17/2020,Oneida,12,772,318,8294
5/18/2020,Oneida,13,785,326,8620
5/19/2020,Oneida,17,802,775,9395
5/20/2020,Oneida,15,817,779,10174
5/21/2020,Oneida,11,828,815,10989
5/22/2020,Oneida,36,864,1305,12294
5/23/2020,Oneida,14,878,659,12953
5/24/2020,Oneida,27,905,930,13883
5/25/2020,Oneida,12,917,427,14310
5/26/2020,Oneida,12,929,488,14798
5/27/2020,Oneida,30,959,927,15725
5/28/2020,Oneida,29,988,1284,17009
5/29/2020,Oneida,18,1006,757,17766
5/30/2020,Oneida,21,1027,1108,18874
5/31/2020,Oneida,9,1036,677,19551
6/1/2020,Oneida,13,1049,613,20164
6/2/2020,Oneida,9,1058,1128,21292
6/3/2020,Oneida,11,1069,892,22184
6/4/2020,Oneida,8,1077,1050,23234
6/5/2020,Oneida,50,1127,1505,24739
6/6/2020,Oneida,16,1143,1276,26015
6/7/2020,Oneida,27,1170,1207,27222
6/8/2020,Oneida,15,1185,569,27791
6/9/2020,Oneida,18,1203,806,28597
6/10/2020,Oneida,13,1216,970,29567
6/11/2020,Oneida,21,1237,1900,31467
6/12/2020,Oneida,16,1253,1048,32515
6/13/2020,Oneida,20,1273,978,33493
6/14/2020,Oneida,7,1280,517,34010
6/15/2020,Oneida,21,1301,719,34729
6/16/2020,Oneida,6,1307,675,35404
6/17/2020,Oneida,25,1332,1218,36622
6/18/2020,Oneida,25,1357,1010,37632
6/19/2020,Oneida,21,1378,786,38418
6/20/2020,Oneida,15,1393,679,39097
6/21/2020,Oneida,23,1416,1126,40223
6/22/2020,Oneida,5,1421,558,40781
6/23/2020,Oneida,24,1445,802,41583
6/24/2020,Oneida,34,1479,1082,42665
6/25/2020,Oneida,41,1520,2025,44690
6/26/2020,Oneida,27,1547,664,45354
6/27/2020,Oneida,39,1586,926,46280
6/28/2020,Oneida,30,1616,748,47028
6/29/2020,Oneida,11,1627,626,47654
6/30/2020,Oneida,15,1642,746,48400
7/1/2020,Oneida,30,1672,1005,49405
7/2/2020,Oneida,36,1708,894,50299
7/3/2020,Oneida,17,1725,855,51154
7/4/2020,Oneida,17,1742,790,51944
7/5/2020,Oneida,7,1749,544,52488
7/6/2020,Oneida,11,1760,593,53081
7/7/2020,Oneida,16,1776,1015,54096
7/8/2020,Oneida,15,1791,1323,55419
7/9/2020,Oneida,15,1806,1226,56645
7/10/2020,Oneida,12,1818,1388,58033
7/11/2020,Oneida,5,1823,635,58668
7/12/2020,Oneida,7,1830,559,59227
7/13/2020,Oneida,17,1847,947,60174
7/14/2020,Oneida,13,1860,862,61036
3/2/2020,Onondaga,0,0,0,0
3/3/2020,Onondaga,0,0,0,0
3/4/2020,Onondaga,0,0,0,0
3/5/2020,Onondaga,0,0,0,0
3/6/2020,Onondaga,0,0,0,0
3/7/2020,Onondaga,0,0,0,0
3/8/2020,Onondaga,0,0,0,0
3/9/2020,Onondaga,0,0,1,1
3/10/2020,Onondaga,0,0,0,1
3/11/2020,Onondaga,0,0,3,4
3/12/2020,Onondaga,0,0,1,5
3/13/2020,Onondaga,0,0,9,14
3/14/2020,Onondaga,0,0,18,32
3/15/2020,Onondaga,1,1,27,59
3/16/2020,Onondaga,1,2,55,114
3/17/2020,Onondaga,0,2,15,129
3/18/2020,Onondaga,3,5,98,227
3/19/2020,Onondaga,3,8,60,287
3/20/2020,Onondaga,9,17,133,420
3/21/2020,Onondaga,12,29,157,577
3/22/2020,Onondaga,23,52,538,1115
3/23/2020,Onondaga,8,60,129,1244
3/24/2020,Onondaga,5,65,124,1368
3/25/2020,Onondaga,18,83,266,1634
3/26/2020,Onondaga,32,115,444,2078
3/27/2020,Onondaga,14,129,352,2430
3/28/2020,Onondaga,23,152,487,2917
3/29/2020,Onondaga,28,180,206,3123
3/30/2020,Onondaga,14,194,139,3262
3/31/2020,Onondaga,23,217,163,3425
4/1/2020,Onondaga,17,234,191,3616
4/2/2020,Onondaga,18,252,195,3811
4/3/2020,Onondaga,10,262,221,4032
4/4/2020,Onondaga,6,268,131,4163
4/5/2020,Onondaga,3,271,89,4252
4/6/2020,Onondaga,64,335,689,4941
4/7/2020,Onondaga,12,347,126,5067
4/8/2020,Onondaga,11,358,245,5312
4/9/2020,Onondaga,11,369,148,5460
4/10/2020,Onondaga,11,380,116,5576
4/11/2020,Onondaga,17,397,169,5745
4/12/2020,Onondaga,19,416,142,5887
4/13/2020,Onondaga,15,431,120,6007
4/14/2020,Onondaga,18,449,219,6226
4/15/2020,Onondaga,13,462,134,6360
4/16/2020,Onondaga,21,483,181,6541
4/17/2020,Onondaga,9,492,152,6693
4/18/2020,Onondaga,6,498,118,6811
4/19/2020,Onondaga,11,509,113,6924
4/20/2020,Onondaga,5,514,101,7025
4/21/2020,Onondaga,12,526,152,7177
4/22/2020,Onondaga,74,600,705,7882
4/23/2020,Onondaga,39,639,722,8604
4/24/2020,Onondaga,25,664,530,9134
4/25/2020,Onondaga,28,692,280,9414
4/26/2020,Onondaga,34,726,256,9670
4/27/2020,Onondaga,16,742,268,9938
4/28/2020,Onondaga,40,782,386,10324
4/29/2020,Onondaga,50,832,343,10667
4/30/2020,Onondaga,28,860,334,11001
5/1/2020,Onondaga,43,903,433,11434
5/2/2020,Onondaga,49,952,593,12027
5/3/2020,Onondaga,19,971,436,12463
5/4/2020,Onondaga,31,1002,176,12639
5/5/2020,Onondaga,54,1056,731,13370
5/6/2020,Onondaga,59,1115,534,13904
5/7/2020,Onondaga,54,1169,407,14311
5/8/2020,Onondaga,49,1218,464,14775
5/9/2020,Onondaga,47,1265,507,15282
5/10/2020,Onondaga,22,1287,240,15522
5/11/2020,Onondaga,21,1308,329,15851
5/12/2020,Onondaga,87,1395,1066,16917
5/13/2020,Onondaga,28,1423,683,17600
5/14/2020,Onondaga,17,1440,385,17985
5/15/2020,Onondaga,29,1469,1088,19073
5/16/2020,Onondaga,32,1501,648,19721
5/17/2020,Onondaga,19,1520,483,20204
5/18/2020,Onondaga,145,1665,1578,21782
5/19/2020,Onondaga,53,1718,1844,23626
5/20/2020,Onondaga,53,1771,1137,24763
5/21/2020,Onondaga,57,1828,1344,26107
5/22/2020,Onondaga,76,1904,2502,28609
5/23/2020,Onondaga,49,1953,1352,29961
5/24/2020,Onondaga,28,1981,1175,31136
5/25/2020,Onondaga,31,2012,1129,32265
5/26/2020,Onondaga,21,2033,676,32941
5/27/2020,Onondaga,21,2054,817,33758
5/28/2020,Onondaga,38,2092,1731,35489
5/29/2020,Onondaga,41,2133,2101,37590
5/30/2020,Onondaga,37,2170,1829,39419
5/31/2020,Onondaga,27,2197,1074,40493
6/1/2020,Onondaga,31,2228,1035,41528
6/2/2020,Onondaga,28,2256,1522,43050
6/3/2020,Onondaga,39,2295,2189,45239
6/4/2020,Onondaga,34,2329,1601,46840
6/5/2020,Onondaga,46,2375,2186,49026
6/6/2020,Onondaga,17,2392,1345,50371
6/7/2020,Onondaga,16,2408,2040,52411
6/8/2020,Onondaga,19,2427,1004,53415
6/9/2020,Onondaga,6,2433,2197,55612
6/10/2020,Onondaga,21,2454,1222,56834
6/11/2020,Onondaga,20,2474,2072,58906
6/12/2020,Onondaga,24,2498,1498,60404
6/13/2020,Onondaga,21,2519,2756,63160
6/14/2020,Onondaga,12,2531,847,64007
6/15/2020,Onondaga,14,2545,1345,65352
6/16/2020,Onondaga,13,2558,870,66222
6/17/2020,Onondaga,57,2615,1440,67662
6/18/2020,Onondaga,19,2634,1694,69356
6/19/2020,Onondaga,10,2644,1270,70626
6/20/2020,Onondaga,22,2666,2328,72954
6/21/2020,Onondaga,9,2675,954,73908
6/22/2020,Onondaga,27,2702,1060,74968
6/23/2020,Onondaga,32,2734,1234,76202
6/24/2020,Onondaga,17,2751,1183,77385
6/25/2020,Onondaga,31,2782,1402,78787
6/26/2020,Onondaga,9,2791,1517,80304
6/27/2020,Onondaga,25,2816,1721,82025
6/28/2020,Onondaga,6,2822,1257,83282
6/29/2020,Onondaga,20,2842,1288,84570
6/30/2020,Onondaga,21,2863,1368,85938
7/1/2020,Onondaga,34,2897,1909,87847
7/2/2020,Onondaga,12,2909,968,88815
7/3/2020,Onondaga,19,2928,843,89658
7/4/2020,Onondaga,21,2949,856,90514
7/5/2020,Onondaga,14,2963,651,91165
7/6/2020,Onondaga,34,2997,1455,92620
7/7/2020,Onondaga,32,3029,1911,94531
7/8/2020,Onondaga,21,3050,2070,96601
7/9/2020,Onondaga,28,3078,1155,97756
7/10/2020,Onondaga,22,3100,1161,98917
7/11/2020,Onondaga,24,3124,1344,100261
7/12/2020,Onondaga,18,3142,1288,101549
7/13/2020,Onondaga,37,3179,2118,103667
7/14/2020,Onondaga,24,3203,1227,104894
3/2/2020,Ontario,0,0,0,0
3/3/2020,Ontario,0,0,0,0
3/4/2020,Ontario,0,0,0,0
3/5/2020,Ontario,0,0,0,0
3/6/2020,Ontario,0,0,0,0
3/7/2020,Ontario,0,0,0,0
3/8/2020,Ontario,0,0,0,0
3/9/2020,Ontario,0,0,0,0
3/10/2020,Ontario,0,0,0,0
3/11/2020,Ontario,0,0,0,0
3/12/2020,Ontario,0,0,2,2
3/13/2020,Ontario,0,0,4,6
3/14/2020,Ontario,0,0,3,9
3/15/2020,Ontario,1,1,5,14
3/16/2020,Ontario,0,1,1,15
3/17/2020,Ontario,0,1,3,18
3/18/2020,Ontario,0,1,8,26
3/19/2020,Ontario,2,3,15,41
3/20/2020,Ontario,1,4,25,66
3/21/2020,Ontario,2,6,25,91
3/22/2020,Ontario,0,6,5,96
3/23/2020,Ontario,1,7,13,109
3/24/2020,Ontario,2,9,19,128
3/25/2020,Ontario,2,11,21,149
3/26/2020,Ontario,3,14,29,178
3/27/2020,Ontario,2,16,34,212
3/28/2020,Ontario,2,18,26,238
3/29/2020,Ontario,2,20,16,254
3/30/2020,Ontario,2,22,26,280
3/31/2020,Ontario,2,24,37,317
4/1/2020,Ontario,2,26,29,346
4/2/2020,Ontario,2,28,29,375
4/3/2020,Ontario,3,31,36,411
4/4/2020,Ontario,1,32,33,444
4/5/2020,Ontario,0,32,26,470
4/6/2020,Ontario,1,33,32,502
4/7/2020,Ontario,6,39,50,552
4/8/2020,Ontario,4,43,38,590
4/9/2020,Ontario,8,51,50,640
4/10/2020,Ontario,5,56,39,679
4/11/2020,Ontario,1,57,27,706
4/12/2020,Ontario,0,57,12,718
4/13/2020,Ontario,4,61,48,766
4/14/2020,Ontario,1,62,25,791
4/15/2020,Ontario,3,65,31,822
4/16/2020,Ontario,2,67,34,856
4/17/2020,Ontario,2,69,33,889
4/18/2020,Ontario,1,70,24,913
4/19/2020,Ontario,1,71,20,933
4/20/2020,Ontario,1,72,43,976
4/21/2020,Ontario,1,73,66,1042
4/22/2020,Ontario,0,73,31,1073
4/23/2020,Ontario,0,73,37,1110
4/24/2020,Ontario,9,82,239,1349
4/25/2020,Ontario,2,84,34,1383
4/26/2020,Ontario,2,86,40,1423
4/27/2020,Ontario,4,90,50,1473
4/28/2020,Ontario,0,90,60,1533
4/29/2020,Ontario,0,90,78,1611
4/30/2020,Ontario,1,91,91,1702
5/1/2020,Ontario,1,92,62,1764
5/2/2020,Ontario,3,95,90,1854
5/3/2020,Ontario,1,96,81,1935
5/4/2020,Ontario,1,97,86,2021
5/5/2020,Ontario,2,99,105,2126
5/6/2020,Ontario,2,101,121,2247
5/7/2020,Ontario,3,104,108,2355
5/8/2020,Ontario,0,104,69,2424
5/9/2020,Ontario,2,106,109,2533
5/10/2020,Ontario,1,107,92,2625
5/11/2020,Ontario,0,107,74,2699
5/12/2020,Ontario,2,109,140,2839
5/13/2020,Ontario,20,129,334,3173
5/14/2020,Ontario,4,133,135,3308
5/15/2020,Ontario,6,139,136,3444
5/16/2020,Ontario,7,146,160,3604
5/17/2020,Ontario,2,148,96,3700
5/18/2020,Ontario,4,152,157,3857
5/19/2020,Ontario,18,170,351,4208
5/20/2020,Ontario,6,176,264,4472
5/21/2020,Ontario,4,180,191,4663
5/22/2020,Ontario,2,182,125,4788
5/23/2020,Ontario,2,184,201,4989
5/24/2020,Ontario,1,185,99,5088
5/25/2020,Ontario,10,195,218,5306
5/26/2020,Ontario,3,198,182,5488
5/27/2020,Ontario,3,201,246,5734
5/28/2020,Ontario,4,205,209,5943
5/29/2020,Ontario,1,206,126,6069
5/30/2020,Ontario,1,207,328,6397
5/31/2020,Ontario,1,208,188,6585
6/1/2020,Ontario,1,209,206,6791
6/2/2020,Ontario,6,215,485,7276
6/3/2020,Ontario,3,218,421,7697
6/4/2020,Ontario,1,219,379,8076
6/5/2020,Ontario,1,220,505,8581
6/6/2020,Ontario,1,221,236,8817
6/7/2020,Ontario,0,221,293,9110
6/8/2020,Ontario,1,222,238,9348
6/9/2020,Ontario,0,222,403,9751
6/10/2020,Ontario,7,229,520,10271
6/11/2020,Ontario,1,230,392,10663
6/12/2020,Ontario,0,230,337,11000
6/13/2020,Ontario,3,233,420,11420
6/14/2020,Ontario,0,233,240,11660
6/15/2020,Ontario,1,234,338,11998
6/16/2020,Ontario,0,234,319,12317
6/17/2020,Ontario,1,235,214,12531
6/18/2020,Ontario,4,239,327,12858
6/19/2020,Ontario,0,239,354,13212
6/20/2020,Ontario,1,240,271,13483
6/21/2020,Ontario,2,242,271,13754
6/22/2020,Ontario,0,242,207,13961
6/23/2020,Ontario,4,246,293,14254
6/24/2020,Ontario,2,248,261,14515
6/25/2020,Ontario,4,252,285,14800
6/26/2020,Ontario,2,254,408,15208
6/27/2020,Ontario,2,256,226,15434
6/28/2020,Ontario,1,257,302,15736
6/29/2020,Ontario,2,259,252,15988
6/30/2020,Ontario,6,265,268,16256
7/1/2020,Ontario,3,268,288,16544
7/2/2020,Ontario,7,275,301,16845
7/3/2020,Ontario,3,278,385,17230
7/4/2020,Ontario,2,280,241,17471
7/5/2020,Ontario,2,282,223,17694
7/6/2020,Ontario,1,283,406,18100
7/7/2020,Ontario,3,286,321,18421
7/8/2020,Ontario,4,290,370,18791
7/9/2020,Ontario,3,293,296,19087
7/10/2020,Ontario,3,296,474,19561
7/11/2020,Ontario,4,300,324,19885
7/12/2020,Ontario,2,302,241,20126
7/13/2020,Ontario,5,307,359,20485
7/14/2020,Ontario,5,312,386,20871
3/2/2020,Orange,0,0,0,0
3/3/2020,Orange,0,0,0,0
3/4/2020,Orange,0,0,0,0
3/5/2020,Orange,0,0,0,0
3/6/2020,Orange,0,0,0,0
3/7/2020,Orange,0,0,0,0
3/8/2020,Orange,0,0,0,0
3/9/2020,Orange,0,0,1,1
3/10/2020,Orange,0,0,0,1
3/11/2020,Orange,1,1,4,5
3/12/2020,Orange,0,1,12,17
3/13/2020,Orange,5,6,22,39
3/14/2020,Orange,0,6,12,51
3/15/2020,Orange,5,11,36,87
3/16/2020,Orange,4,15,36,123
3/17/2020,Orange,17,32,83,206
3/18/2020,Orange,19,51,94,300
3/19/2020,Orange,33,84,180,480
3/20/2020,Orange,79,163,377,857
3/21/2020,Orange,84,247,393,1250
3/22/2020,Orange,142,389,472,1722
3/23/2020,Orange,109,498,340,2062
3/24/2020,Orange,140,638,298,2360
3/25/2020,Orange,113,751,322,2682
3/26/2020,Orange,160,911,394,3076
3/27/2020,Orange,190,1101,498,3574
3/28/2020,Orange,146,1247,373,3947
3/29/2020,Orange,188,1435,394,4341
3/30/2020,Orange,121,1556,306,4647
3/31/2020,Orange,200,1756,477,5124
4/1/2020,Orange,237,1993,628,5752
4/2/2020,Orange,404,2397,1114,6866
4/3/2020,Orange,344,2741,1046,7912
4/4/2020,Orange,361,3102,1077,8989
4/5/2020,Orange,295,3397,827,9816
4/6/2020,Orange,202,3599,604,10420
4/7/2020,Orange,266,3865,711,11131
4/8/2020,Orange,225,4090,578,11709
4/9/2020,Orange,442,4532,1335,13044
4/10/2020,Orange,315,4847,879,13923
4/11/2020,Orange,180,5027,563,14486
4/12/2020,Orange,155,5182,492,14978
4/13/2020,Orange,396,5578,1161,16139
4/14/2020,Orange,138,5716,341,16480
4/15/2020,Orange,172,5888,521,17001
4/16/2020,Orange,196,6084,512,17513
4/17/2020,Orange,182,6266,575,18088
4/18/2020,Orange,113,6379,411,18499
4/19/2020,Orange,103,6482,278,18777
4/20/2020,Orange,79,6561,298,19075
4/21/2020,Orange,129,6690,430,19505
4/22/2020,Orange,126,6816,399,19904
4/23/2020,Orange,339,7155,1213,21117
4/24/2020,Orange,818,7973,2748,23865
4/25/2020,Orange,133,8106,643,24508
4/26/2020,Orange,132,8238,587,25095
4/27/2020,Orange,136,8374,645,25740
4/28/2020,Orange,114,8488,602,26342
4/29/2020,Orange,162,8650,880,27222
4/30/2020,Orange,101,8751,787,28009
5/1/2020,Orange,159,8910,839,28848
5/2/2020,Orange,57,8967,510,29358
5/3/2020,Orange,48,9015,421,29779
5/4/2020,Orange,129,9144,869,30648
5/5/2020,Orange,71,9215,509,31157
5/6/2020,Orange,113,9328,1181,32338
5/7/2020,Orange,74,9402,842,33180
5/8/2020,Orange,84,9486,690,33870
5/9/2020,Orange,57,9543,535,34405
5/10/2020,Orange,41,9584,402,34807
5/11/2020,Orange,48,9632,516,35323
5/12/2020,Orange,61,9693,614,35937
5/13/2020,Orange,78,9771,939,36876
5/14/2020,Orange,54,9825,766,37642
5/15/2020,Orange,54,9879,715,38357
5/16/2020,Orange,64,9943,662,39019
5/17/2020,Orange,22,9965,367,39386
5/18/2020,Orange,23,9988,362,39748
5/19/2020,Orange,55,10043,819,40567
5/20/2020,Orange,49,10092,919,41486
5/21/2020,Orange,50,10142,753,42239
5/22/2020,Orange,55,10197,764,43003
5/23/2020,Orange,28,10225,638,43641
5/24/2020,Orange,19,10244,478,44119
5/25/2020,Orange,33,10277,617,44736
5/26/2020,Orange,15,10292,528,45264
5/27/2020,Orange,33,10325,1013,46277
5/28/2020,Orange,36,10361,868,47145
5/29/2020,Orange,28,10389,776,47921
5/30/2020,Orange,17,10406,683,48604
5/31/2020,Orange,16,10422,713,49317
6/1/2020,Orange,27,10449,1027,50344
6/2/2020,Orange,11,10460,842,51186
6/3/2020,Orange,11,10471,941,52127
6/4/2020,Orange,13,10484,978,53105
6/5/2020,Orange,24,10508,1157,54262
6/6/2020,Orange,6,10514,847,55109
6/7/2020,Orange,9,10523,827,55936
6/8/2020,Orange,10,10533,957,56893
6/9/2020,Orange,8,10541,937,57830
6/10/2020,Orange,9,10550,1056,58886
6/11/2020,Orange,8,10558,1048,59934
6/12/2020,Orange,5,10563,967,60901
6/13/2020,Orange,8,10571,655,61556
6/14/2020,Orange,2,10573,810,62366
6/15/2020,Orange,7,10580,758,63124
6/16/2020,Orange,19,10599,744,63868
6/17/2020,Orange,5,10604,793,64661
6/18/2020,Orange,16,10620,1197,65858
6/19/2020,Orange,18,10638,646,66504
6/20/2020,Orange,10,10648,698,67202
6/21/2020,Orange,6,10654,577,67779
6/22/2020,Orange,12,10666,1239,69018
6/23/2020,Orange,3,10669,502,69520
6/24/2020,Orange,10,10679,912,70432
6/25/2020,Orange,19,10698,887,71319
6/26/2020,Orange,12,10710,1012,72331
6/27/2020,Orange,3,10713,508,72839
6/28/2020,Orange,3,10716,459,73298
6/29/2020,Orange,7,10723,734,74032
6/30/2020,Orange,7,10730,638,74670
7/1/2020,Orange,14,10744,702,75372
7/2/2020,Orange,15,10759,1204,76576
7/3/2020,Orange,7,10766,923,77499
7/4/2020,Orange,9,10775,885,78384
7/5/2020,Orange,6,10781,622,79006
7/6/2020,Orange,17,10798,642,79648
7/7/2020,Orange,8,10806,734,80382
7/8/2020,Orange,4,10810,866,81248
7/9/2020,Orange,10,10820,959,82207
7/10/2020,Orange,10,10830,1007,83214
7/11/2020,Orange,5,10835,847,84061
7/12/2020,Orange,6,10841,605,84666
7/13/2020,Orange,9,10850,914,85580
7/14/2020,Orange,28,10878,947,86527
3/2/2020,Orleans,0,0,0,0
3/3/2020,Orleans,0,0,0,0
3/4/2020,Orleans,0,0,0,0
3/5/2020,Orleans,0,0,0,0
3/6/2020,Orleans,0,0,0,0
3/7/2020,Orleans,0,0,0,0
3/8/2020,Orleans,0,0,0,0
3/9/2020,Orleans,0,0,0,0
3/10/2020,Orleans,0,0,0,0
3/11/2020,Orleans,0,0,0,0
3/12/2020,Orleans,0,0,0,0
3/13/2020,Orleans,0,0,1,1
3/14/2020,Orleans,0,0,0,1
3/15/2020,Orleans,0,0,0,1
3/16/2020,Orleans,0,0,5,6
3/17/2020,Orleans,0,0,5,11
3/18/2020,Orleans,0,0,3,14
3/19/2020,Orleans,0,0,6,20
3/20/2020,Orleans,0,0,5,25
3/21/2020,Orleans,0,0,7,32
3/22/2020,Orleans,0,0,4,36
3/23/2020,Orleans,2,2,9,45
3/24/2020,Orleans,0,2,7,52
3/25/2020,Orleans,0,2,11,63
3/26/2020,Orleans,1,3,11,74
3/27/2020,Orleans,0,3,8,82
3/28/2020,Orleans,0,3,3,85
3/29/2020,Orleans,1,4,11,96
3/30/2020,Orleans,2,6,14,110
3/31/2020,Orleans,0,6,6,116
4/1/2020,Orleans,0,6,11,127
4/2/2020,Orleans,3,9,13,140
4/3/2020,Orleans,1,10,11,151
4/4/2020,Orleans,1,11,9,160
4/5/2020,Orleans,2,13,16,176
4/6/2020,Orleans,2,15,17,193
4/7/2020,Orleans,1,16,14,207
4/8/2020,Orleans,6,22,27,234
4/9/2020,Orleans,2,24,14,248
4/10/2020,Orleans,0,24,3,251
4/11/2020,Orleans,1,25,7,258
4/12/2020,Orleans,1,26,6,264
4/13/2020,Orleans,5,31,18,282
4/14/2020,Orleans,2,33,8,290
4/15/2020,Orleans,1,34,5,295
4/16/2020,Orleans,0,34,4,299
4/17/2020,Orleans,7,41,14,313
4/18/2020,Orleans,5,46,35,348
4/19/2020,Orleans,0,46,3,351
4/20/2020,Orleans,7,53,33,384
4/21/2020,Orleans,3,56,11,395
4/22/2020,Orleans,3,59,11,406
4/23/2020,Orleans,1,60,13,419
4/24/2020,Orleans,15,75,98,517
4/25/2020,Orleans,5,80,28,545
4/26/2020,Orleans,0,80,14,559
4/27/2020,Orleans,0,80,8,567
4/28/2020,Orleans,5,85,26,593
4/29/2020,Orleans,4,89,35,628
4/30/2020,Orleans,3,92,23,651
5/1/2020,Orleans,1,93,29,680
5/2/2020,Orleans,4,97,22,702
5/3/2020,Orleans,0,97,21,723
5/4/2020,Orleans,2,99,15,738
5/5/2020,Orleans,4,103,36,774
5/6/2020,Orleans,5,108,33,807
5/7/2020,Orleans,13,121,62,869
5/8/2020,Orleans,1,122,29,898
5/9/2020,Orleans,4,126,41,939
5/10/2020,Orleans,4,130,40,979
5/11/2020,Orleans,3,133,31,1010
5/12/2020,Orleans,9,142,61,1071
5/13/2020,Orleans,3,145,57,1128
5/14/2020,Orleans,2,147,38,1166
5/15/2020,Orleans,16,163,102,1268
5/16/2020,Orleans,4,167,59,1327
5/17/2020,Orleans,0,167,42,1369
5/18/2020,Orleans,1,168,48,1417
5/19/2020,Orleans,3,171,60,1477
5/20/2020,Orleans,3,174,98,1575
5/21/2020,Orleans,1,175,50,1625
5/22/2020,Orleans,21,196,85,1710
5/23/2020,Orleans,6,202,129,1839
5/24/2020,Orleans,3,205,63,1902
5/25/2020,Orleans,3,208,49,1951
5/26/2020,Orleans,2,210,44,1995
5/27/2020,Orleans,2,212,117,2112
5/28/2020,Orleans,4,216,112,2224
5/29/2020,Orleans,12,228,83,2307
5/30/2020,Orleans,1,229,101,2408
5/31/2020,Orleans,7,236,105,2513
6/1/2020,Orleans,5,241,89,2602
6/2/2020,Orleans,5,246,157,2759
6/3/2020,Orleans,1,247,81,2840
6/4/2020,Orleans,0,247,102,2942
6/5/2020,Orleans,7,254,183,3125
6/6/2020,Orleans,1,255,115,3240
6/7/2020,Orleans,1,256,69,3309
6/8/2020,Orleans,1,257,77,3386
6/9/2020,Orleans,2,259,117,3503
6/10/2020,Orleans,1,260,89,3592
6/11/2020,Orleans,0,260,89,3681
6/12/2020,Orleans,1,261,114,3795
6/13/2020,Orleans,6,267,92,3887
6/14/2020,Orleans,1,268,60,3947
6/15/2020,Orleans,0,268,117,4064
6/16/2020,Orleans,2,270,81,4145
6/17/2020,Orleans,1,271,121,4266
6/18/2020,Orleans,3,274,110,4376
6/19/2020,Orleans,1,275,89,4465
6/20/2020,Orleans,1,276,97,4562
6/21/2020,Orleans,0,276,111,4673
6/22/2020,Orleans,1,277,98,4771
6/23/2020,Orleans,0,277,53,4824
6/24/2020,Orleans,2,279,85,4909
6/25/2020,Orleans,0,279,37,4946
6/26/2020,Orleans,1,280,128,5074
6/27/2020,Orleans,1,281,98,5172
6/28/2020,Orleans,0,281,121,5293
6/29/2020,Orleans,0,281,70,5363
6/30/2020,Orleans,0,281,84,5447
7/1/2020,Orleans,1,282,68,5515
7/2/2020,Orleans,0,282,78,5593
7/3/2020,Orleans,0,282,152,5745
7/4/2020,Orleans,0,282,138,5883
7/5/2020,Orleans,2,284,95,5978
7/6/2020,Orleans,1,285,98,6076
7/7/2020,Orleans,1,286,115,6191
7/8/2020,Orleans,0,286,41,6232
7/9/2020,Orleans,1,287,140,6372
7/10/2020,Orleans,0,287,105,6477
7/11/2020,Orleans,0,287,144,6621
7/12/2020,Orleans,0,287,66,6687
7/13/2020,Orleans,1,288,65,6752
7/14/2020,Orleans,0,288,81,6833
3/2/2020,Oswego,0,0,0,0
3/3/2020,Oswego,0,0,0,0
3/4/2020,Oswego,0,0,0,0
3/5/2020,Oswego,0,0,0,0
3/6/2020,Oswego,0,0,0,0
3/7/2020,Oswego,0,0,0,0
3/8/2020,Oswego,0,0,0,0
3/9/2020,Oswego,0,0,0,0
3/10/2020,Oswego,0,0,1,1
3/11/2020,Oswego,0,0,0,1
3/12/2020,Oswego,0,0,0,1
3/13/2020,Oswego,0,0,2,3
3/14/2020,Oswego,0,0,2,5
3/15/2020,Oswego,0,0,0,5
3/16/2020,Oswego,0,0,4,9
3/17/2020,Oswego,0,0,3,12
3/18/2020,Oswego,0,0,8,20
3/19/2020,Oswego,0,0,3,23
3/20/2020,Oswego,0,0,11,34
3/21/2020,Oswego,0,0,19,53
3/22/2020,Oswego,1,1,23,76
3/23/2020,Oswego,1,2,28,104
3/24/2020,Oswego,0,2,13,117
3/25/2020,Oswego,2,4,25,142
3/26/2020,Oswego,0,4,18,160
3/27/2020,Oswego,3,7,38,198
3/28/2020,Oswego,1,8,35,233
3/29/2020,Oswego,6,14,53,286
3/30/2020,Oswego,1,15,30,316
3/31/2020,Oswego,2,17,27,343
4/1/2020,Oswego,5,22,80,423
4/2/2020,Oswego,4,26,82,505
4/3/2020,Oswego,0,26,31,536
4/4/2020,Oswego,2,28,26,562
4/5/2020,Oswego,1,29,39,601
4/6/2020,Oswego,2,31,70,671
4/7/2020,Oswego,2,33,27,698
4/8/2020,Oswego,3,36,61,759
4/9/2020,Oswego,0,36,32,791
4/10/2020,Oswego,1,37,12,803
4/11/2020,Oswego,1,38,15,818
4/12/2020,Oswego,0,38,10,828
4/13/2020,Oswego,3,41,74,902
4/14/2020,Oswego,1,42,17,919
4/15/2020,Oswego,2,44,18,937
4/16/2020,Oswego,1,45,28,965
4/17/2020,Oswego,0,45,14,979
4/18/2020,Oswego,2,47,18,997
4/19/2020,Oswego,1,48,18,1015
4/20/2020,Oswego,1,49,12,1027
4/21/2020,Oswego,0,49,4,1031
4/22/2020,Oswego,0,49,21,1052
4/23/2020,Oswego,2,51,18,1070
4/24/2020,Oswego,6,57,298,1368
4/25/2020,Oswego,4,61,67,1435
4/26/2020,Oswego,0,61,33,1468
4/27/2020,Oswego,2,63,40,1508
4/28/2020,Oswego,0,63,39,1547
4/29/2020,Oswego,0,63,45,1592
4/30/2020,Oswego,1,64,36,1628
5/1/2020,Oswego,2,66,30,1658
5/2/2020,Oswego,0,66,37,1695
5/3/2020,Oswego,1,67,44,1739
5/4/2020,Oswego,1,68,40,1779
5/5/2020,Oswego,2,70,41,1820
5/6/2020,Oswego,0,70,48,1868
5/7/2020,Oswego,2,72,54,1922
5/8/2020,Oswego,3,75,52,1974
5/9/2020,Oswego,0,75,59,2033
5/10/2020,Oswego,0,75,49,2082
5/11/2020,Oswego,1,76,53,2135
5/12/2020,Oswego,0,76,59,2194
5/13/2020,Oswego,2,78,64,2258
5/14/2020,Oswego,2,80,110,2368
5/15/2020,Oswego,3,83,241,2609
5/16/2020,Oswego,1,84,81,2690
5/17/2020,Oswego,0,84,197,2887
5/18/2020,Oswego,5,89,95,2982
5/19/2020,Oswego,1,90,129,3111
5/20/2020,Oswego,2,92,300,3411
5/21/2020,Oswego,4,96,215,3626
5/22/2020,Oswego,3,99,302,3928
5/23/2020,Oswego,1,100,479,4407
5/24/2020,Oswego,4,104,131,4538
5/25/2020,Oswego,0,104,175,4713
5/26/2020,Oswego,1,105,337,5050
5/27/2020,Oswego,2,107,260,5310
5/28/2020,Oswego,1,108,252,5562
5/29/2020,Oswego,0,108,317,5879
5/30/2020,Oswego,1,109,443,6322
5/31/2020,Oswego,1,110,138,6460
6/1/2020,Oswego,0,110,308,6768
6/2/2020,Oswego,2,112,409,7177
6/3/2020,Oswego,0,112,185,7362
6/4/2020,Oswego,0,112,609,7971
6/5/2020,Oswego,2,114,475,8446
6/6/2020,Oswego,1,115,272,8718
6/7/2020,Oswego,0,115,414,9132
6/8/2020,Oswego,0,115,149,9281
6/9/2020,Oswego,0,115,489,9770
6/10/2020,Oswego,4,119,297,10067
6/11/2020,Oswego,1,120,614,10681
6/12/2020,Oswego,2,122,246,10927
6/13/2020,Oswego,0,122,274,11201
6/14/2020,Oswego,4,126,199,11400
6/15/2020,Oswego,13,139,197,11597
6/16/2020,Oswego,0,139,117,11714
6/17/2020,Oswego,5,144,417,12131
6/18/2020,Oswego,23,167,771,12902
6/19/2020,Oswego,2,169,351,13253
6/20/2020,Oswego,4,173,191,13444
6/21/2020,Oswego,0,173,258,13702
6/22/2020,Oswego,6,179,176,13878
6/23/2020,Oswego,9,188,191,14069
6/24/2020,Oswego,3,191,343,14412
6/25/2020,Oswego,1,192,363,14775
6/26/2020,Oswego,2,194,401,15176
6/27/2020,Oswego,1,195,127,15303
6/28/2020,Oswego,1,196,272,15575
6/29/2020,Oswego,1,197,145,15720
6/30/2020,Oswego,4,201,233,15953
7/1/2020,Oswego,5,206,218,16171
7/2/2020,Oswego,0,206,286,16457
7/3/2020,Oswego,0,206,200,16657
7/4/2020,Oswego,0,206,221,16878
7/5/2020,Oswego,0,206,186,17064
7/6/2020,Oswego,1,207,308,17372
7/7/2020,Oswego,3,210,367,17739
7/8/2020,Oswego,1,211,358,18097
7/9/2020,Oswego,5,216,248,18345
7/10/2020,Oswego,3,219,208,18553
7/11/2020,Oswego,1,220,139,18692
7/12/2020,Oswego,2,222,322,19014
7/13/2020,Oswego,3,225,367,19381
7/14/2020,Oswego,1,226,349,19730
3/2/2020,Otsego,0,0,0,0
3/3/2020,Otsego,0,0,0,0
3/4/2020,Otsego,0,0,0,0
3/5/2020,Otsego,0,0,0,0
3/6/2020,Otsego,0,0,0,0
3/7/2020,Otsego,0,0,1,1
3/8/2020,Otsego,0,0,1,2
3/9/2020,Otsego,0,0,0,2
3/10/2020,Otsego,0,0,0,2
3/11/2020,Otsego,0,0,0,2
3/12/2020,Otsego,0,0,0,2
3/13/2020,Otsego,0,0,1,3
3/14/2020,Otsego,0,0,2,5
3/15/2020,Otsego,0,0,1,6
3/16/2020,Otsego,0,0,0,6
3/17/2020,Otsego,0,0,1,7
3/18/2020,Otsego,0,0,2,9
3/19/2020,Otsego,0,0,10,19
3/20/2020,Otsego,0,0,20,39
3/21/2020,Otsego,0,0,11,50
3/22/2020,Otsego,1,1,10,60
3/23/2020,Otsego,0,1,11,71
3/24/2020,Otsego,1,2,5,76
3/25/2020,Otsego,1,3,6,82
3/26/2020,Otsego,2,5,12,94
3/27/2020,Otsego,2,7,19,113
3/28/2020,Otsego,3,10,21,134
3/29/2020,Otsego,7,17,16,150
3/30/2020,Otsego,1,18,8,158
3/31/2020,Otsego,1,19,19,177
4/1/2020,Otsego,2,21,17,194
4/2/2020,Otsego,0,21,12,206
4/3/2020,Otsego,5,26,53,259
4/4/2020,Otsego,3,29,25,284
4/5/2020,Otsego,5,34,41,325
4/6/2020,Otsego,0,34,43,368
4/7/2020,Otsego,4,38,31,399
4/8/2020,Otsego,1,39,42,441
4/9/2020,Otsego,2,41,40,481
4/10/2020,Otsego,2,43,34,515
4/11/2020,Otsego,0,43,15,530
4/12/2020,Otsego,0,43,35,565
4/13/2020,Otsego,1,44,90,655
4/14/2020,Otsego,0,44,14,669
4/15/2020,Otsego,0,44,15,684
4/16/2020,Otsego,0,44,9,693
4/17/2020,Otsego,3,47,18,711
4/18/2020,Otsego,1,48,18,729
4/19/2020,Otsego,1,49,10,739
4/20/2020,Otsego,0,49,10,749
4/21/2020,Otsego,0,49,15,764
4/22/2020,Otsego,1,50,22,786
4/23/2020,Otsego,0,50,18,804
4/24/2020,Otsego,10,60,249,1053
4/25/2020,Otsego,0,60,43,1096
4/26/2020,Otsego,2,62,38,1134
4/27/2020,Otsego,3,65,33,1167
4/28/2020,Otsego,1,66,34,1201
4/29/2020,Otsego,1,67,45,1246
4/30/2020,Otsego,0,67,40,1286
5/1/2020,Otsego,0,67,88,1374
5/2/2020,Otsego,0,67,42,1416
5/3/2020,Otsego,0,67,36,1452
5/4/2020,Otsego,0,67,87,1539
5/5/2020,Otsego,0,67,70,1609
5/6/2020,Otsego,0,67,43,1652
5/7/2020,Otsego,0,67,44,1696
5/8/2020,Otsego,0,67,39,1735
5/9/2020,Otsego,0,67,46,1781
5/10/2020,Otsego,0,67,40,1821
5/11/2020,Otsego,0,67,62,1883
5/12/2020,Otsego,0,67,82,1965
5/13/2020,Otsego,0,67,45,2010
5/14/2020,Otsego,0,67,27,2037
5/15/2020,Otsego,0,67,181,2218
5/16/2020,Otsego,0,67,50,2268
5/17/2020,Otsego,0,67,79,2347
5/18/2020,Otsego,0,67,129,2476
5/19/2020,Otsego,0,67,124,2600
5/20/2020,Otsego,0,67,65,2665
5/21/2020,Otsego,0,67,102,2767
5/22/2020,Otsego,1,68,90,2857
5/23/2020,Otsego,1,69,51,2908
5/24/2020,Otsego,0,69,38,2946
5/25/2020,Otsego,0,69,17,2963
5/26/2020,Otsego,0,69,243,3206
5/27/2020,Otsego,1,70,191,3397
5/28/2020,Otsego,1,71,128,3525
5/29/2020,Otsego,0,71,127,3652
5/30/2020,Otsego,1,72,184,3836
5/31/2020,Otsego,0,72,93,3929
6/1/2020,Otsego,1,73,189,4118
6/2/2020,Otsego,0,73,183,4301
6/3/2020,Otsego,0,73,112,4413
6/4/2020,Otsego,0,73,132,4545
6/5/2020,Otsego,1,74,265,4810
6/6/2020,Otsego,0,74,163,4973
6/7/2020,Otsego,1,75,144,5117
6/8/2020,Otsego,0,75,238,5355
6/9/2020,Otsego,2,77,144,5499
6/10/2020,Otsego,1,78,187,5686
6/11/2020,Otsego,0,78,148,5834
6/12/2020,Otsego,2,80,204,6038
6/13/2020,Otsego,0,80,54,6092
6/14/2020,Otsego,0,80,172,6264
6/15/2020,Otsego,1,81,260,6524
6/16/2020,Otsego,1,82,233,6757
6/17/2020,Otsego,0,82,165,6922
6/18/2020,Otsego,0,82,237,7159
6/19/2020,Otsego,0,82,122,7281
6/20/2020,Otsego,0,82,163,7444
6/21/2020,Otsego,1,83,138,7582
6/22/2020,Otsego,0,83,193,7775
6/23/2020,Otsego,0,83,86,7861
6/24/2020,Otsego,0,83,125,7986
6/25/2020,Otsego,0,83,128,8114
6/26/2020,Otsego,1,84,162,8276
6/27/2020,Otsego,0,84,141,8417
6/28/2020,Otsego,0,84,158,8575
6/29/2020,Otsego,0,84,155,8730
6/30/2020,Otsego,0,84,150,8880
7/1/2020,Otsego,0,84,120,9000
7/2/2020,Otsego,0,84,195,9195
7/3/2020,Otsego,2,86,112,9307
7/4/2020,Otsego,0,86,115,9422
7/5/2020,Otsego,0,86,99,9521
7/6/2020,Otsego,0,86,166,9687
7/7/2020,Otsego,0,86,68,9755
7/8/2020,Otsego,0,86,136,9891
7/9/2020,Otsego,2,88,127,10018
7/10/2020,Otsego,0,88,138,10156
7/11/2020,Otsego,1,89,139,10295
7/12/2020,Otsego,0,89,75,10370
7/13/2020,Otsego,1,90,175,10545
7/14/2020,Otsego,1,91,190,10735
3/2/2020,Putnam,0,0,0,0
3/3/2020,Putnam,0,0,0,0
3/4/2020,Putnam,0,0,0,0
3/5/2020,Putnam,0,0,1,1
3/6/2020,Putnam,0,0,0,1
3/7/2020,Putnam,0,0,1,2
3/8/2020,Putnam,0,0,0,2
3/9/2020,Putnam,0,0,1,3
3/10/2020,Putnam,0,0,0,3
3/11/2020,Putnam,0,0,7,10
3/12/2020,Putnam,0,0,1,11
3/13/2020,Putnam,0,0,14,25
3/14/2020,Putnam,0,0,3,28
3/15/2020,Putnam,2,2,10,38
3/16/2020,Putnam,0,2,5,43
3/17/2020,Putnam,0,2,7,50
3/18/2020,Putnam,3,5,32,82
3/19/2020,Putnam,2,7,35,117
3/20/2020,Putnam,15,22,79,196
3/21/2020,Putnam,15,37,75,271
3/22/2020,Putnam,8,45,47,318
3/23/2020,Putnam,22,67,70,388
3/24/2020,Putnam,16,83,51,439
3/25/2020,Putnam,11,94,75,514
3/26/2020,Putnam,17,111,47,561
3/27/2020,Putnam,20,131,84,645
3/28/2020,Putnam,13,144,41,686
3/29/2020,Putnam,23,167,63,749
3/30/2020,Putnam,19,186,71,820
3/31/2020,Putnam,21,207,57,877
4/1/2020,Putnam,9,216,46,923
4/2/2020,Putnam,36,252,90,1013
4/3/2020,Putnam,31,283,96,1109
4/4/2020,Putnam,31,314,78,1187
4/5/2020,Putnam,31,345,122,1309
4/6/2020,Putnam,21,366,72,1381
4/7/2020,Putnam,37,403,115,1496
4/8/2020,Putnam,35,438,158,1654
4/9/2020,Putnam,49,487,169,1823
4/10/2020,Putnam,7,494,18,1841
4/11/2020,Putnam,3,497,12,1853
4/12/2020,Putnam,5,502,8,1861
4/13/2020,Putnam,56,558,217,2078
4/14/2020,Putnam,13,571,43,2121
4/15/2020,Putnam,2,573,6,2127
4/16/2020,Putnam,5,578,11,2138
4/17/2020,Putnam,4,582,13,2151
4/18/2020,Putnam,10,592,37,2188
4/19/2020,Putnam,7,599,21,2209
4/20/2020,Putnam,6,605,30,2239
4/21/2020,Putnam,6,611,31,2270
4/22/2020,Putnam,4,615,19,2289
4/23/2020,Putnam,4,619,25,2314
4/24/2020,Putnam,266,885,1134,3448
4/25/2020,Putnam,19,904,112,3560
4/26/2020,Putnam,21,925,127,3687
4/27/2020,Putnam,7,932,82,3769
4/28/2020,Putnam,14,946,150,3919
4/29/2020,Putnam,24,970,251,4170
4/30/2020,Putnam,20,990,144,4314
5/1/2020,Putnam,13,1003,115,4429
5/2/2020,Putnam,10,1013,90,4519
5/3/2020,Putnam,13,1026,114,4633
5/4/2020,Putnam,5,1031,87,4720
5/5/2020,Putnam,9,1040,96,4816
5/6/2020,Putnam,26,1066,317,5133
5/7/2020,Putnam,8,1074,121,5254
5/8/2020,Putnam,6,1080,161,5415
5/9/2020,Putnam,9,1089,155,5570
5/10/2020,Putnam,9,1098,122,5692
5/11/2020,Putnam,0,1098,42,5734
5/12/2020,Putnam,10,1108,138,5872
5/13/2020,Putnam,7,1115,151,6023
5/14/2020,Putnam,6,1121,149,6172
5/15/2020,Putnam,6,1127,153,6325
5/16/2020,Putnam,9,1136,131,6456
5/17/2020,Putnam,5,1141,116,6572
5/18/2020,Putnam,18,1159,125,6697
5/19/2020,Putnam,9,1168,155,6852
5/20/2020,Putnam,7,1175,165,7017
5/21/2020,Putnam,12,1187,156,7173
5/22/2020,Putnam,13,1200,236,7409
5/23/2020,Putnam,8,1208,161,7570
5/24/2020,Putnam,6,1214,185,7755
5/25/2020,Putnam,8,1222,184,7939
5/26/2020,Putnam,5,1227,125,8064
5/27/2020,Putnam,9,1236,425,8489
5/28/2020,Putnam,5,1241,194,8683
5/29/2020,Putnam,7,1248,312,8995
5/30/2020,Putnam,4,1252,264,9259
5/31/2020,Putnam,5,1257,247,9506
6/1/2020,Putnam,5,1262,248,9754
6/2/2020,Putnam,2,1264,286,10040
6/3/2020,Putnam,4,1268,311,10351
6/4/2020,Putnam,2,1270,313,10664
6/5/2020,Putnam,4,1274,306,10970
6/6/2020,Putnam,3,1277,203,11173
6/7/2020,Putnam,2,1279,252,11425
6/8/2020,Putnam,1,1280,228,11653
6/9/2020,Putnam,2,1282,296,11949
6/10/2020,Putnam,0,1282,319,12268
6/11/2020,Putnam,0,1282,253,12521
6/12/2020,Putnam,3,1285,329,12850
6/13/2020,Putnam,3,1288,209,13059
6/14/2020,Putnam,3,1291,214,13273
6/15/2020,Putnam,1,1292,193,13466
6/16/2020,Putnam,2,1294,324,13790
6/17/2020,Putnam,1,1295,185,13975
6/18/2020,Putnam,4,1299,432,14407
6/19/2020,Putnam,2,1301,248,14655
6/20/2020,Putnam,0,1301,241,14896
6/21/2020,Putnam,4,1305,253,15149
6/22/2020,Putnam,0,1305,194,15343
6/23/2020,Putnam,1,1306,226,15569
6/24/2020,Putnam,5,1311,343,15912
6/25/2020,Putnam,6,1317,216,16128
6/26/2020,Putnam,2,1319,376,16504
6/27/2020,Putnam,4,1323,199,16703
6/28/2020,Putnam,2,1325,213,16916
6/29/2020,Putnam,1,1326,174,17090
6/30/2020,Putnam,3,1329,271,17361
7/1/2020,Putnam,3,1332,373,17734
7/2/2020,Putnam,1,1333,308,18042
7/3/2020,Putnam,2,1335,219,18261
7/4/2020,Putnam,1,1336,231,18492
7/5/2020,Putnam,1,1337,217,18709
7/6/2020,Putnam,3,1340,214,18923
7/7/2020,Putnam,4,1344,256,19179
7/8/2020,Putnam,4,1348,422,19601
7/9/2020,Putnam,7,1355,357,19958
7/10/2020,Putnam,6,1361,438,20396
7/11/2020,Putnam,0,1361,323,20719
7/12/2020,Putnam,4,1365,293,21012
7/13/2020,Putnam,11,1376,291,21303
7/14/2020,Putnam,6,1382,236,21539
3/2/2020,Queens,0,0,0,0
3/3/2020,Queens,0,0,2,2
3/4/2020,Queens,0,0,0,2
3/5/2020,Queens,1,1,6,8
3/6/2020,Queens,1,2,10,18
3/7/2020,Queens,0,2,14,32
3/8/2020,Queens,1,3,13,45
3/9/2020,Queens,0,3,15,60
3/10/2020,Queens,4,7,18,78
3/11/2020,Queens,5,12,44,122
3/12/2020,Queens,15,27,74,196
3/13/2020,Queens,30,57,154,350
3/14/2020,Queens,18,75,110,460
3/15/2020,Queens,49,124,198,658
3/16/2020,Queens,38,162,136,794
3/17/2020,Queens,123,285,371,1165
3/18/2020,Queens,336,621,768,1933
3/19/2020,Queens,519,1140,1179,3112
3/20/2020,Queens,491,1631,1218,4330
3/21/2020,Queens,843,2474,1927,6257
3/22/2020,Queens,1152,3626,2048,8305
3/23/2020,Queens,839,4465,1518,9823
3/24/2020,Queens,1010,5475,1736,11559
3/25/2020,Queens,1238,6713,2110,13669
3/26/2020,Queens,1324,8037,2115,15784
3/27/2020,Queens,1238,9275,2055,17839
3/28/2020,Queens,1136,10411,1845,19684
3/29/2020,Queens,1258,11669,1915,21599
3/30/2020,Queens,2022,13691,3325,24924
3/31/2020,Queens,1211,14902,1871,26795
4/1/2020,Queens,1366,16268,2157,28952
4/2/2020,Queens,1899,18167,3048,32000
4/3/2020,Queens,1947,20114,3407,35407
4/4/2020,Queens,1322,21436,2255,37662
4/5/2020,Queens,1697,23133,2730,40392
4/6/2020,Queens,1707,24840,2864,43256
4/7/2020,Queens,1408,26248,2884,46140
4/8/2020,Queens,1504,27752,2831,48971
4/9/2020,Queens,1551,29303,2941,51912
4/10/2020,Queens,1988,31291,3803,55715
4/11/2020,Queens,1544,32835,3219,58934
4/12/2020,Queens,1150,33985,2481,61415
4/13/2020,Queens,1068,35053,2430,63845
4/14/2020,Queens,1712,36765,3674,67519
4/15/2020,Queens,1153,37918,3144,70663
4/16/2020,Queens,1173,39091,3056,73719
4/17/2020,Queens,1125,40216,3347,77066
4/18/2020,Queens,1021,41237,3338,80404
4/19/2020,Queens,786,42023,2428,82832
4/20/2020,Queens,799,42822,2498,85330
4/21/2020,Queens,891,43713,3058,88388
4/22/2020,Queens,1191,44904,4142,92530
4/23/2020,Queens,1483,46387,5468,97998
4/24/2020,Queens,1474,47861,5296,103294
4/25/2020,Queens,884,48745,3676,106970
4/26/2020,Queens,654,49399,2829,109799
4/27/2020,Queens,530,49929,2628,112427
4/28/2020,Queens,812,50741,4061,116488
4/29/2020,Queens,890,51631,4201,120689
4/30/2020,Queens,643,52274,3689,124378
5/1/2020,Queens,765,53039,4517,128895
5/2/2020,Queens,601,53640,3755,132650
5/3/2020,Queens,450,54090,2696,135346
5/4/2020,Queens,358,54448,2633,137979
5/5/2020,Queens,432,54880,3591,141570
5/6/2020,Queens,570,55450,4505,146075
5/7/2020,Queens,494,55944,3992,150067
5/8/2020,Queens,549,56493,4596,154663
5/9/2020,Queens,369,56862,3416,158079
5/10/2020,Queens,318,57180,2937,161016
5/11/2020,Queens,211,57391,2552,163568
5/12/2020,Queens,357,57748,3829,167397
5/13/2020,Queens,336,58084,4439,171836
5/14/2020,Queens,432,58516,4879,176715
5/15/2020,Queens,325,58841,4644,181359
5/16/2020,Queens,291,59132,4209,185568
5/17/2020,Queens,192,59324,3226,188794
5/18/2020,Queens,184,59508,3363,192157
5/19/2020,Queens,244,59752,4581,196738
5/20/2020,Queens,273,60025,5151,201889
5/21/2020,Queens,211,60236,5181,207070
5/22/2020,Queens,186,60422,5388,212458
5/23/2020,Queens,214,60636,5270,217728
5/24/2020,Queens,192,60828,4448,222176
5/25/2020,Queens,132,60960,3789,225965
5/26/2020,Queens,165,61125,4201,230166
5/27/2020,Queens,275,61400,9126,239292
5/28/2020,Queens,244,61644,8480,247772
5/29/2020,Queens,183,61827,7088,254860
5/30/2020,Queens,148,61975,6226,261086
5/31/2020,Queens,119,62094,5906,266992
6/1/2020,Queens,199,62293,7231,274223
6/2/2020,Queens,132,62425,6319,280542
6/3/2020,Queens,117,62542,6451,286993
6/4/2020,Queens,150,62692,6695,293688
6/5/2020,Queens,158,62850,7672,301360
6/6/2020,Queens,113,62963,6497,307857
6/7/2020,Queens,134,63097,6514,314371
6/8/2020,Queens,97,63194,5227,319598
6/9/2020,Queens,132,63326,7770,327368
6/10/2020,Queens,106,63432,6796,334164
6/11/2020,Queens,141,63573,7566,341730
6/12/2020,Queens,154,63727,7817,349547
6/13/2020,Queens,95,63822,6737,356284
6/14/2020,Queens,110,63932,7488,363772
6/15/2020,Queens,110,64042,7036,370808
6/16/2020,Queens,134,64176,8317,379125
6/17/2020,Queens,92,64268,8696,387821
6/18/2020,Queens,112,64380,9082,396903
6/19/2020,Queens,106,64486,9753,406656
6/20/2020,Queens,135,64621,9115,415771
6/21/2020,Queens,91,64712,8237,424008
6/22/2020,Queens,85,64797,6537,430545
6/23/2020,Queens,84,64881,6683,437228
6/24/2020,Queens,106,64987,7723,444951
6/25/2020,Queens,102,65089,6943,451894
6/26/2020,Queens,86,65175,9718,461612
6/27/2020,Queens,101,65276,7681,469293
6/28/2020,Queens,49,65325,4737,474030
6/29/2020,Queens,66,65391,5589,479619
6/30/2020,Queens,64,65455,6065,485684
7/1/2020,Queens,113,65568,8286,493970
7/2/2020,Queens,137,65705,8116,502086
7/3/2020,Queens,95,65800,7211,509297
7/4/2020,Queens,76,65876,7211,516508
7/5/2020,Queens,52,65928,5745,522253
7/6/2020,Queens,96,66024,6329,528582
7/7/2020,Queens,75,66099,6297,534879
7/8/2020,Queens,75,66174,7104,541983
7/9/2020,Queens,67,66241,7807,549790
7/10/2020,Queens,82,66323,7981,557771
7/11/2020,Queens,87,66410,6788,564559
7/12/2020,Queens,56,66466,5880,570439
7/13/2020,Queens,78,66544,5537,575976
7/14/2020,Queens,99,66643,7205,583181
3/2/2020,Rensselaer,0,0,0,0
3/3/2020,Rensselaer,0,0,0,0
3/4/2020,Rensselaer,0,0,2,2
3/5/2020,Rensselaer,0,0,0,2
3/6/2020,Rensselaer,0,0,0,2
3/7/2020,Rensselaer,0,0,2,4
3/8/2020,Rensselaer,0,0,0,4
3/9/2020,Rensselaer,0,0,1,5
3/10/2020,Rensselaer,0,0,1,6
3/11/2020,Rensselaer,0,0,1,7
3/12/2020,Rensselaer,0,0,2,9
3/13/2020,Rensselaer,0,0,11,20
3/14/2020,Rensselaer,0,0,40,60
3/15/2020,Rensselaer,0,0,50,110
3/16/2020,Rensselaer,1,1,39,149
3/17/2020,Rensselaer,3,4,70,219
3/18/2020,Rensselaer,2,6,136,355
3/19/2020,Rensselaer,2,8,156,511
3/20/2020,Rensselaer,12,20,166,677
3/21/2020,Rensselaer,6,26,173,850
3/22/2020,Rensselaer,3,29,78,928
3/23/2020,Rensselaer,1,30,47,975
3/24/2020,Rensselaer,1,31,26,1001
3/25/2020,Rensselaer,1,32,22,1023
3/26/2020,Rensselaer,3,35,26,1049
3/27/2020,Rensselaer,3,38,37,1086
3/28/2020,Rensselaer,1,39,12,1098
3/29/2020,Rensselaer,1,40,25,1123
3/30/2020,Rensselaer,1,41,20,1143
3/31/2020,Rensselaer,2,43,19,1162
4/1/2020,Rensselaer,10,53,42,1204
4/2/2020,Rensselaer,3,56,31,1235
4/3/2020,Rensselaer,2,58,18,1253
4/4/2020,Rensselaer,2,60,48,1301
4/5/2020,Rensselaer,2,62,29,1330
4/6/2020,Rensselaer,5,67,30,1360
4/7/2020,Rensselaer,8,75,53,1413
4/8/2020,Rensselaer,4,79,52,1465
4/9/2020,Rensselaer,12,91,101,1566
4/10/2020,Rensselaer,5,96,40,1606
4/11/2020,Rensselaer,9,105,65,1671
4/12/2020,Rensselaer,8,113,61,1732
4/13/2020,Rensselaer,7,120,79,1811
4/14/2020,Rensselaer,4,124,42,1853
4/15/2020,Rensselaer,13,137,106,1959
4/16/2020,Rensselaer,13,150,100,2059
4/17/2020,Rensselaer,14,164,135,2194
4/18/2020,Rensselaer,9,173,117,2311
4/19/2020,Rensselaer,4,177,51,2362
4/20/2020,Rensselaer,6,183,50,2412
4/21/2020,Rensselaer,3,186,49,2461
4/22/2020,Rensselaer,5,191,52,2513
4/23/2020,Rensselaer,7,198,80,2593
4/24/2020,Rensselaer,23,221,209,2802
4/25/2020,Rensselaer,21,242,151,2953
4/26/2020,Rensselaer,4,246,83,3036
4/27/2020,Rensselaer,4,250,39,3075
4/28/2020,Rensselaer,12,262,91,3166
4/29/2020,Rensselaer,25,287,142,3308
4/30/2020,Rensselaer,11,298,101,3409
5/1/2020,Rensselaer,13,311,112,3521
5/2/2020,Rensselaer,11,322,170,3691
5/3/2020,Rensselaer,15,337,148,3839
5/4/2020,Rensselaer,2,339,71,3910
5/5/2020,Rensselaer,8,347,126,4036
5/6/2020,Rensselaer,20,367,159,4195
5/7/2020,Rensselaer,13,380,194,4389
5/8/2020,Rensselaer,27,407,187,4576
5/9/2020,Rensselaer,2,409,248,4824
5/10/2020,Rensselaer,2,411,62,4886
5/11/2020,Rensselaer,5,416,91,4977
5/12/2020,Rensselaer,4,420,429,5406
5/13/2020,Rensselaer,3,423,278,5684
5/14/2020,Rensselaer,5,428,204,5888
5/15/2020,Rensselaer,10,438,225,6113
5/16/2020,Rensselaer,1,439,113,6226
5/17/2020,Rensselaer,5,444,198,6424
5/18/2020,Rensselaer,0,444,76,6500
5/19/2020,Rensselaer,9,453,292,6792
5/20/2020,Rensselaer,3,456,403,7195
5/21/2020,Rensselaer,4,460,379,7574
5/22/2020,Rensselaer,3,463,386,7960
5/23/2020,Rensselaer,0,463,363,8323
5/24/2020,Rensselaer,2,465,123,8446
5/25/2020,Rensselaer,1,466,158,8604
5/26/2020,Rensselaer,0,466,150,8754
5/27/2020,Rensselaer,3,469,405,9159
5/28/2020,Rensselaer,9,478,319,9478
5/29/2020,Rensselaer,8,486,337,9815
5/30/2020,Rensselaer,5,491,313,10128
5/31/2020,Rensselaer,1,492,274,10402
6/1/2020,Rensselaer,1,493,168,10570
6/2/2020,Rensselaer,2,495,426,10996
6/3/2020,Rensselaer,0,495,312,11308
6/4/2020,Rensselaer,2,497,592,11900
6/5/2020,Rensselaer,2,499,332,12232
6/6/2020,Rensselaer,3,502,421,12653
6/7/2020,Rensselaer,1,503,517,13170
6/8/2020,Rensselaer,2,505,182,13352
6/9/2020,Rensselaer,2,507,316,13668
6/10/2020,Rensselaer,1,508,299,13967
6/11/2020,Rensselaer,2,510,665,14632
6/12/2020,Rensselaer,1,511,261,14893
6/13/2020,Rensselaer,2,513,262,15155
6/14/2020,Rensselaer,1,514,309,15464
6/15/2020,Rensselaer,0,514,252,15716
6/16/2020,Rensselaer,1,515,199,15915
6/17/2020,Rensselaer,0,515,383,16298
6/18/2020,Rensselaer,4,519,413,16711
6/19/2020,Rensselaer,2,521,374,17085
6/20/2020,Rensselaer,3,524,401,17486
6/21/2020,Rensselaer,4,528,361,17847
6/22/2020,Rensselaer,5,533,197,18044
6/23/2020,Rensselaer,1,534,277,18321
6/24/2020,Rensselaer,7,541,450,18771
6/25/2020,Rensselaer,8,549,350,19121
6/26/2020,Rensselaer,1,550,468,19589
6/27/2020,Rensselaer,1,551,359,19948
6/28/2020,Rensselaer,2,553,375,20323
6/29/2020,Rensselaer,0,553,306,20629
6/30/2020,Rensselaer,2,555,195,20824
7/1/2020,Rensselaer,1,556,287,21111
7/2/2020,Rensselaer,3,559,425,21536
7/3/2020,Rensselaer,4,563,612,22148
7/4/2020,Rensselaer,2,565,475,22623
7/5/2020,Rensselaer,3,568,389,23012
7/6/2020,Rensselaer,3,571,162,23174
7/7/2020,Rensselaer,9,580,304,23478
7/8/2020,Rensselaer,6,586,399,23877
7/9/2020,Rensselaer,2,588,252,24129
7/10/2020,Rensselaer,5,593,331,24460
7/11/2020,Rensselaer,23,616,378,24838
7/12/2020,Rensselaer,1,617,317,25155
7/13/2020,Rensselaer,8,625,416,25571
7/14/2020,Rensselaer,7,632,409,25980
3/2/2020,Richmond,0,0,0,0
3/3/2020,Richmond,0,0,0,0
3/4/2020,Richmond,0,0,0,0
3/5/2020,Richmond,0,0,0,0
3/6/2020,Richmond,0,0,3,3
3/7/2020,Richmond,0,0,2,5
3/8/2020,Richmond,0,0,0,5
3/9/2020,Richmond,0,0,6,11
3/10/2020,Richmond,1,1,5,16
3/11/2020,Richmond,1,2,5,21
3/12/2020,Richmond,4,6,16,37
3/13/2020,Richmond,5,11,34,71
3/14/2020,Richmond,3,14,29,100
3/15/2020,Richmond,6,20,27,127
3/16/2020,Richmond,11,31,35,162
3/17/2020,Richmond,26,57,61,223
3/18/2020,Richmond,33,90,110,333
3/19/2020,Richmond,116,206,272,605
3/20/2020,Richmond,109,315,334,939
3/21/2020,Richmond,207,522,645,1584
3/22/2020,Richmond,193,715,417,2001
3/23/2020,Richmond,200,915,487,2488
3/24/2020,Richmond,110,1025,223,2711
3/25/2020,Richmond,164,1189,293,3004
3/26/2020,Richmond,223,1412,413,3417
3/27/2020,Richmond,415,1827,847,4264
3/28/2020,Richmond,402,2229,878,5142
3/29/2020,Richmond,336,2565,711,5853
3/30/2020,Richmond,324,2889,691,6544
3/31/2020,Richmond,299,3188,616,7160
4/1/2020,Richmond,279,3467,559,7719
4/2/2020,Richmond,287,3754,563,8282
4/3/2020,Richmond,319,4073,679,8961
4/4/2020,Richmond,218,4291,513,9474
4/5/2020,Richmond,288,4579,600,10074
4/6/2020,Richmond,218,4797,605,10679
4/7/2020,Richmond,546,5343,1262,11941
4/8/2020,Richmond,641,5984,1528,13469
4/9/2020,Richmond,500,6484,1212,14681
4/10/2020,Richmond,376,6860,807,15488
4/11/2020,Richmond,456,7316,1030,16518
4/12/2020,Richmond,352,7668,887,17405
4/13/2020,Richmond,292,7960,725,18130
4/14/2020,Richmond,338,8298,743,18873
4/15/2020,Richmond,386,8684,1184,20057
4/16/2020,Richmond,347,9031,1084,21141
4/17/2020,Richmond,302,9333,1106,22247
4/18/2020,Richmond,341,9674,1288,23535
4/19/2020,Richmond,239,9913,874,24409
4/20/2020,Richmond,208,10121,882,25291
4/21/2020,Richmond,224,10345,998,26289
4/22/2020,Richmond,245,10590,1031,27320
4/23/2020,Richmond,293,10883,1272,28592
4/24/2020,Richmond,246,11129,1011,29603
4/25/2020,Richmond,154,11283,882,30485
4/26/2020,Richmond,140,11423,658,31143
4/27/2020,Richmond,93,11516,567,31710
4/28/2020,Richmond,144,11660,935,32645
4/29/2020,Richmond,151,11811,841,33486
4/30/2020,Richmond,126,11937,849,34335
5/1/2020,Richmond,157,12094,918,35253
5/2/2020,Richmond,101,12195,729,35982
5/3/2020,Richmond,60,12255,549,36531
5/4/2020,Richmond,62,12317,573,37104
5/5/2020,Richmond,84,12401,702,37806
5/6/2020,Richmond,105,12506,828,38634
5/7/2020,Richmond,72,12578,672,39306
5/8/2020,Richmond,72,12650,832,40138
5/9/2020,Richmond,52,12702,717,40855
5/10/2020,Richmond,45,12747,493,41348
5/11/2020,Richmond,22,12769,517,41865
5/12/2020,Richmond,41,12810,806,42671
5/13/2020,Richmond,51,12861,869,43540
5/14/2020,Richmond,48,12909,812,44352
5/15/2020,Richmond,65,12974,843,45195
5/16/2020,Richmond,37,13011,713,45908
5/17/2020,Richmond,36,13047,571,46479
5/18/2020,Richmond,22,13069,621,47100
5/19/2020,Richmond,31,13100,751,47851
5/20/2020,Richmond,40,13140,908,48759
5/21/2020,Richmond,31,13171,877,49636
5/22/2020,Richmond,44,13215,1232,50868
5/23/2020,Richmond,51,13266,1120,51988
5/24/2020,Richmond,21,13287,732,52720
5/25/2020,Richmond,38,13325,1047,53767
5/26/2020,Richmond,23,13348,720,54487
5/27/2020,Richmond,56,13404,1623,56110
5/28/2020,Richmond,51,13455,1731,57841
5/29/2020,Richmond,50,13505,1376,59217
5/30/2020,Richmond,17,13522,1214,60431
5/31/2020,Richmond,15,13537,1200,61631
6/1/2020,Richmond,25,13562,972,62603
6/2/2020,Richmond,23,13585,991,63594
6/3/2020,Richmond,36,13621,1784,65378
6/4/2020,Richmond,42,13663,1576,66954
6/5/2020,Richmond,28,13691,1886,68840
6/6/2020,Richmond,26,13717,1379,70219
6/7/2020,Richmond,10,13727,1182,71401
6/8/2020,Richmond,20,13747,896,72297
6/9/2020,Richmond,14,13761,1144,73441
6/10/2020,Richmond,19,13780,1290,74731
6/11/2020,Richmond,20,13800,1547,76278
6/12/2020,Richmond,17,13817,1596,77874
6/13/2020,Richmond,40,13857,1365,79239
6/14/2020,Richmond,21,13878,1391,80630
6/15/2020,Richmond,10,13888,2387,83017
6/16/2020,Richmond,5,13893,1328,84345
6/17/2020,Richmond,7,13900,1579,85924
6/18/2020,Richmond,17,13917,2306,88230
6/19/2020,Richmond,27,13944,1882,90112
6/20/2020,Richmond,14,13958,1749,91861
6/21/2020,Richmond,13,13971,1507,93368
6/22/2020,Richmond,12,13983,1121,94489
6/23/2020,Richmond,11,13994,1894,96383
6/24/2020,Richmond,26,14020,2032,98415
6/25/2020,Richmond,17,14037,1707,100122
6/26/2020,Richmond,15,14052,1697,101819
6/27/2020,Richmond,21,14073,1581,103400
6/28/2020,Richmond,9,14082,979,104379
6/29/2020,Richmond,11,14093,1749,106128
6/30/2020,Richmond,16,14109,1304,107432
7/1/2020,Richmond,16,14125,1787,109219
7/2/2020,Richmond,39,14164,1955,111174
7/3/2020,Richmond,26,14190,1613,112787
7/4/2020,Richmond,12,14202,1578,114365
7/5/2020,Richmond,11,14213,1362,115727
7/6/2020,Richmond,12,14225,1707,117434
7/7/2020,Richmond,18,14243,1406,118840
7/8/2020,Richmond,19,14262,1592,120432
7/9/2020,Richmond,23,14285,1874,122306
7/10/2020,Richmond,23,14308,1837,124143
7/11/2020,Richmond,21,14329,1681,125824
7/12/2020,Richmond,12,14341,1495,127319
7/13/2020,Richmond,31,14372,1891,129210
7/14/2020,Richmond,17,14389,1604,130814
3/2/2020,Rockland,0,0,0,0
3/3/2020,Rockland,0,0,0,0
3/4/2020,Rockland,0,0,0,0
3/5/2020,Rockland,0,0,0,0
3/6/2020,Rockland,1,1,1,1
3/7/2020,Rockland,0,1,0,1
3/8/2020,Rockland,0,1,2,3
3/9/2020,Rockland,3,4,7,10
3/10/2020,Rockland,0,4,2,12
3/11/2020,Rockland,2,6,2,14
3/12/2020,Rockland,2,8,5,19
3/13/2020,Rockland,1,9,8,27
3/14/2020,Rockland,3,12,21,48
3/15/2020,Rockland,1,13,35,83
3/16/2020,Rockland,9,22,39,122
3/17/2020,Rockland,8,30,29,151
3/18/2020,Rockland,23,53,58,209
3/19/2020,Rockland,48,101,192,401
3/20/2020,Rockland,161,262,569,970
3/21/2020,Rockland,193,455,604,1574
3/22/2020,Rockland,137,592,393,1967
3/23/2020,Rockland,79,671,315,2282
3/24/2020,Rockland,297,968,592,2874
3/25/2020,Rockland,229,1197,567,3441
3/26/2020,Rockland,260,1457,588,4029
3/27/2020,Rockland,439,1896,1078,5107
3/28/2020,Rockland,313,2209,827,5934
3/29/2020,Rockland,302,2511,604,6538
3/30/2020,Rockland,352,2863,739,7277
3/31/2020,Rockland,458,3321,930,8207
4/1/2020,Rockland,430,3751,904,9111
4/2/2020,Rockland,538,4289,997,10108
4/3/2020,Rockland,583,4872,1124,11232
4/4/2020,Rockland,454,5326,880,12112
4/5/2020,Rockland,377,5703,732,12844
4/6/2020,Rockland,287,5990,662,13506
4/7/2020,Rockland,423,6413,1027,14533
4/8/2020,Rockland,252,6665,648,15181
4/9/2020,Rockland,457,7122,1013,16194
4/10/2020,Rockland,355,7477,785,16979
4/11/2020,Rockland,244,7721,569,17548
4/12/2020,Rockland,244,7965,586,18134
4/13/2020,Rockland,370,8335,779,18913
4/14/2020,Rockland,139,8474,371,19284
4/15/2020,Rockland,278,8752,830,20114
4/16/2020,Rockland,235,8987,678,20792
4/17/2020,Rockland,184,9171,610,21402
4/18/2020,Rockland,193,9364,547,21949
4/19/2020,Rockland,93,9457,316,22265
4/20/2020,Rockland,111,9568,407,22672
4/21/2020,Rockland,131,9699,478,23150
4/22/2020,Rockland,129,9828,584,23734
4/23/2020,Rockland,263,10091,1255,24989
4/24/2020,Rockland,1000,11091,2606,27595
4/25/2020,Rockland,165,11256,677,28272
4/26/2020,Rockland,110,11366,565,28837
4/27/2020,Rockland,87,11453,537,29374
4/28/2020,Rockland,133,11586,528,29902
4/29/2020,Rockland,122,11708,691,30593
4/30/2020,Rockland,104,11812,823,31416
5/1/2020,Rockland,133,11945,779,32195
5/2/2020,Rockland,80,12025,598,32793
5/3/2020,Rockland,70,12095,476,33269
5/4/2020,Rockland,49,12144,437,33706
5/5/2020,Rockland,60,12204,401,34107
5/6/2020,Rockland,76,12280,852,34959
5/7/2020,Rockland,69,12349,740,35699
5/8/2020,Rockland,51,12400,669,36368
5/9/2020,Rockland,51,12451,582,36950
5/10/2020,Rockland,33,12484,564,37514
5/11/2020,Rockland,20,12504,368,37882
5/12/2020,Rockland,39,12543,637,38519
5/13/2020,Rockland,53,12596,1096,39615
5/14/2020,Rockland,41,12637,851,40466
5/15/2020,Rockland,51,12688,1035,41501
5/16/2020,Rockland,70,12758,779,42280
5/17/2020,Rockland,19,12777,486,42766
5/18/2020,Rockland,21,12798,338,43104
5/19/2020,Rockland,33,12831,577,43681
5/20/2020,Rockland,46,12877,1091,44772
5/21/2020,Rockland,28,12905,790,45562
5/22/2020,Rockland,29,12934,814,46376
5/23/2020,Rockland,29,12963,735,47111
5/24/2020,Rockland,33,12996,634,47745
5/25/2020,Rockland,23,13019,652,48397
5/26/2020,Rockland,28,13047,554,48951
5/27/2020,Rockland,29,13076,1115,50066
5/28/2020,Rockland,24,13100,1097,51163
5/29/2020,Rockland,28,13128,807,51970
5/30/2020,Rockland,23,13151,616,52586
5/31/2020,Rockland,34,13185,682,53268
6/1/2020,Rockland,38,13223,785,54053
6/2/2020,Rockland,36,13259,1088,55141
6/3/2020,Rockland,21,13280,969,56110
6/4/2020,Rockland,17,13297,1191,57301
6/5/2020,Rockland,18,13315,1030,58331
6/6/2020,Rockland,10,13325,795,59126
6/7/2020,Rockland,15,13340,761,59887
6/8/2020,Rockland,13,13353,847,60734
6/9/2020,Rockland,19,13372,843,61577
6/10/2020,Rockland,13,13385,976,62553
6/11/2020,Rockland,11,13396,905,63458
6/12/2020,Rockland,15,13411,885,64343
6/13/2020,Rockland,12,13423,876,65219
6/14/2020,Rockland,18,13441,797,66016
6/15/2020,Rockland,19,13460,770,66786
6/16/2020,Rockland,7,13467,683,67469
6/17/2020,Rockland,7,13474,918,68387
6/18/2020,Rockland,12,13486,1081,69468
6/19/2020,Rockland,9,13495,804,70272
6/20/2020,Rockland,9,13504,628,70900
6/21/2020,Rockland,10,13514,603,71503
6/22/2020,Rockland,15,13529,575,72078
6/23/2020,Rockland,5,13534,498,72576
6/24/2020,Rockland,15,13549,686,73262
6/25/2020,Rockland,8,13557,881,74143
6/26/2020,Rockland,9,13566,951,75094
6/27/2020,Rockland,10,13576,795,75889
6/28/2020,Rockland,4,13580,627,76516
6/29/2020,Rockland,10,13590,728,77244
6/30/2020,Rockland,12,13602,999,78243
7/1/2020,Rockland,10,13612,980,79223
7/2/2020,Rockland,11,13623,1109,80332
7/3/2020,Rockland,6,13629,636,80968
7/4/2020,Rockland,19,13648,1043,82011
7/5/2020,Rockland,8,13656,759,82770
7/6/2020,Rockland,12,13668,895,83665
7/7/2020,Rockland,11,13679,744,84409
7/8/2020,Rockland,4,13683,932,85341
7/9/2020,Rockland,8,13691,927,86268
7/10/2020,Rockland,9,13700,949,87217
7/11/2020,Rockland,16,13716,1039,88256
7/12/2020,Rockland,3,13719,555,88811
7/13/2020,Rockland,14,13733,1001,89812
7/14/2020,Rockland,10,13743,1127,90939
3/2/2020,Saratoga,0,0,0,0
3/3/2020,Saratoga,0,0,0,0
3/4/2020,Saratoga,0,0,0,0
3/5/2020,Saratoga,0,0,0,0
3/6/2020,Saratoga,0,0,0,0
3/7/2020,Saratoga,0,0,1,1
3/8/2020,Saratoga,0,0,0,1
3/9/2020,Saratoga,2,2,9,10
3/10/2020,Saratoga,0,2,2,12
3/11/2020,Saratoga,1,3,31,43
3/12/2020,Saratoga,0,3,32,75
3/13/2020,Saratoga,0,3,41,116
3/14/2020,Saratoga,0,3,45,161
3/15/2020,Saratoga,2,5,66,227
3/16/2020,Saratoga,4,9,55,282
3/17/2020,Saratoga,5,14,76,358
3/18/2020,Saratoga,4,18,156,514
3/19/2020,Saratoga,6,24,102,616
3/20/2020,Saratoga,11,35,279,895
3/21/2020,Saratoga,6,41,143,1038
3/22/2020,Saratoga,12,53,164,1202
3/23/2020,Saratoga,7,60,76,1278
3/24/2020,Saratoga,4,64,69,1347
3/25/2020,Saratoga,9,73,55,1402
3/26/2020,Saratoga,9,82,69,1471
3/27/2020,Saratoga,14,96,82,1553
3/28/2020,Saratoga,6,102,51,1604
3/29/2020,Saratoga,3,105,15,1619
3/30/2020,Saratoga,3,108,23,1642
3/31/2020,Saratoga,14,122,78,1720
4/1/2020,Saratoga,10,132,69,1789
4/2/2020,Saratoga,9,141,53,1842
4/3/2020,Saratoga,0,141,57,1899
4/4/2020,Saratoga,7,148,110,2009
4/5/2020,Saratoga,5,153,34,2043
4/6/2020,Saratoga,2,155,40,2083
4/7/2020,Saratoga,7,162,73,2156
4/8/2020,Saratoga,10,172,113,2269
4/9/2020,Saratoga,10,182,154,2423
4/10/2020,Saratoga,5,187,68,2491
4/11/2020,Saratoga,9,196,88,2579
4/12/2020,Saratoga,5,201,61,2640
4/13/2020,Saratoga,23,224,193,2833
4/14/2020,Saratoga,3,227,71,2904
4/15/2020,Saratoga,4,231,92,2996
4/16/2020,Saratoga,5,236,77,3073
4/17/2020,Saratoga,8,244,98,3171
4/18/2020,Saratoga,7,251,105,3276
4/19/2020,Saratoga,3,254,32,3308
4/20/2020,Saratoga,3,257,42,3350
4/21/2020,Saratoga,7,264,101,3451
4/22/2020,Saratoga,1,265,52,3503
4/23/2020,Saratoga,13,278,127,3630
4/24/2020,Saratoga,42,320,642,4272
4/25/2020,Saratoga,10,330,217,4489
4/26/2020,Saratoga,6,336,114,4603
4/27/2020,Saratoga,7,343,116,4719
4/28/2020,Saratoga,3,346,125,4844
4/29/2020,Saratoga,8,354,195,5039
4/30/2020,Saratoga,4,358,171,5210
5/1/2020,Saratoga,3,361,173,5383
5/2/2020,Saratoga,2,363,203,5586
5/3/2020,Saratoga,4,367,103,5689
5/4/2020,Saratoga,1,368,115,5804
5/5/2020,Saratoga,3,371,173,5977
5/6/2020,Saratoga,3,374,157,6134
5/7/2020,Saratoga,14,388,174,6308
5/8/2020,Saratoga,11,399,179,6487
5/9/2020,Saratoga,3,402,183,6670
5/10/2020,Saratoga,1,403,170,6840
5/11/2020,Saratoga,4,407,154,6994
5/12/2020,Saratoga,3,410,196,7190
5/13/2020,Saratoga,5,415,280,7470
5/14/2020,Saratoga,6,421,266,7736
5/15/2020,Saratoga,2,423,358,8094
5/16/2020,Saratoga,5,428,560,8654
5/17/2020,Saratoga,6,434,242,8896
5/18/2020,Saratoga,2,436,139,9035
5/19/2020,Saratoga,2,438,267,9302
5/20/2020,Saratoga,2,440,458,9760
5/21/2020,Saratoga,8,448,351,10111
5/22/2020,Saratoga,4,452,254,10365
5/23/2020,Saratoga,4,456,316,10681
5/24/2020,Saratoga,5,461,185,10866
5/25/2020,Saratoga,2,463,312,11178
5/26/2020,Saratoga,2,465,285,11463
5/27/2020,Saratoga,3,468,292,11755
5/28/2020,Saratoga,5,473,511,12266
5/29/2020,Saratoga,4,477,518,12784
5/30/2020,Saratoga,3,480,399,13183
5/31/2020,Saratoga,3,483,487,13670
6/1/2020,Saratoga,1,484,317,13987
6/2/2020,Saratoga,5,489,609,14596
6/3/2020,Saratoga,4,493,741,15337
6/4/2020,Saratoga,3,496,574,15911
6/5/2020,Saratoga,5,501,610,16521
6/6/2020,Saratoga,1,502,520,17041
6/7/2020,Saratoga,2,504,654,17695
6/8/2020,Saratoga,7,511,396,18091
6/9/2020,Saratoga,0,511,495,18586
6/10/2020,Saratoga,2,513,577,19163
6/11/2020,Saratoga,1,514,693,19856
6/12/2020,Saratoga,0,514,357,20213
6/13/2020,Saratoga,1,515,437,20650
6/14/2020,Saratoga,2,517,568,21218
6/15/2020,Saratoga,5,522,425,21643
6/16/2020,Saratoga,1,523,435,22078
6/17/2020,Saratoga,3,526,488,22566
6/18/2020,Saratoga,2,528,546,23112
6/19/2020,Saratoga,3,531,561,23673
6/20/2020,Saratoga,2,533,492,24165
6/21/2020,Saratoga,2,535,543,24708
6/22/2020,Saratoga,3,538,273,24981
6/23/2020,Saratoga,0,538,470,25451
6/24/2020,Saratoga,2,540,389,25840
6/25/2020,Saratoga,0,540,564,26404
6/26/2020,Saratoga,6,546,589,26993
6/27/2020,Saratoga,2,548,517,27510
6/28/2020,Saratoga,1,549,531,28041
6/29/2020,Saratoga,0,549,283,28324
6/30/2020,Saratoga,1,550,246,28570
7/1/2020,Saratoga,5,555,444,29014
7/2/2020,Saratoga,6,561,512,29526
7/3/2020,Saratoga,1,562,518,30044
7/4/2020,Saratoga,4,566,516,30560
7/5/2020,Saratoga,6,572,431,30991
7/6/2020,Saratoga,6,578,267,31258
7/7/2020,Saratoga,4,582,539,31797
7/8/2020,Saratoga,3,585,555,32352
7/9/2020,Saratoga,2,587,419,32771
7/10/2020,Saratoga,8,595,524,33295
7/11/2020,Saratoga,7,602,506,33801
7/12/2020,Saratoga,8,610,480,34281
7/13/2020,Saratoga,6,616,577,34858
7/14/2020,Saratoga,7,623,531,35389
3/2/2020,Schenectady,0,0,0,0
3/3/2020,Schenectady,0,0,0,0
3/4/2020,Schenectady,0,0,0,0
3/5/2020,Schenectady,0,0,0,0
3/6/2020,Schenectady,0,0,0,0
3/7/2020,Schenectady,0,0,0,0
3/8/2020,Schenectady,0,0,1,1
3/9/2020,Schenectady,0,0,2,3
3/10/2020,Schenectady,0,0,0,3
3/11/2020,Schenectady,0,0,12,15
3/12/2020,Schenectady,0,0,5,20
3/13/2020,Schenectady,1,1,20,40
3/14/2020,Schenectady,1,2,54,94
3/15/2020,Schenectady,2,4,42,136
3/16/2020,Schenectady,1,5,27,163
3/17/2020,Schenectady,9,14,98,261
3/18/2020,Schenectady,4,18,131,392
3/19/2020,Schenectady,3,21,115,507
3/20/2020,Schenectady,11,32,157,664
3/21/2020,Schenectady,7,39,123,787
3/22/2020,Schenectady,5,44,62,849
3/23/2020,Schenectady,2,46,50,899
3/24/2020,Schenectady,9,55,53,952
3/25/2020,Schenectady,7,62,32,984
3/26/2020,Schenectady,4,66,41,1025
3/27/2020,Schenectady,6,72,43,1068
3/28/2020,Schenectady,4,76,28,1096
3/29/2020,Schenectady,4,80,12,1108
3/30/2020,Schenectady,5,85,33,1141
3/31/2020,Schenectady,8,93,22,1163
4/1/2020,Schenectady,8,101,31,1194
4/2/2020,Schenectady,9,110,42,1236
4/3/2020,Schenectady,7,117,38,1274
4/4/2020,Schenectady,11,128,64,1338
4/5/2020,Schenectady,10,138,64,1402
4/6/2020,Schenectady,7,145,35,1437
4/7/2020,Schenectady,4,149,23,1460
4/8/2020,Schenectady,18,167,104,1564
4/9/2020,Schenectady,24,191,183,1747
4/10/2020,Schenectady,3,194,24,1771
4/11/2020,Schenectady,5,199,27,1798
4/12/2020,Schenectady,5,204,27,1825
4/13/2020,Schenectady,31,235,232,2057
4/14/2020,Schenectady,2,237,18,2075
4/15/2020,Schenectady,8,245,45,2120
4/16/2020,Schenectady,5,250,35,2155
4/17/2020,Schenectady,9,259,38,2193
4/18/2020,Schenectady,9,268,36,2229
4/19/2020,Schenectady,1,269,23,2252
4/20/2020,Schenectady,4,273,23,2275
4/21/2020,Schenectady,7,280,24,2299
4/22/2020,Schenectady,8,288,47,2346
4/23/2020,Schenectady,9,297,33,2379
4/24/2020,Schenectady,134,431,964,3343
4/25/2020,Schenectady,18,449,186,3529
4/26/2020,Schenectady,8,457,96,3625
4/27/2020,Schenectady,12,469,119,3744
4/28/2020,Schenectady,10,479,184,3928
4/29/2020,Schenectady,22,501,246,4174
4/30/2020,Schenectady,13,514,195,4369
5/1/2020,Schenectady,7,521,194,4563
5/2/2020,Schenectady,6,527,146,4709
5/3/2020,Schenectady,8,535,126,4835
5/4/2020,Schenectady,2,537,98,4933
5/5/2020,Schenectady,14,551,178,5111
5/6/2020,Schenectady,0,551,194,5305
5/7/2020,Schenectady,7,558,144,5449
5/8/2020,Schenectady,13,571,204,5653
5/9/2020,Schenectady,0,571,199,5852
5/10/2020,Schenectady,4,575,113,5965
5/11/2020,Schenectady,6,581,102,6067
5/12/2020,Schenectady,6,587,164,6231
5/13/2020,Schenectady,10,597,276,6507
5/14/2020,Schenectady,6,603,170,6677
5/15/2020,Schenectady,10,613,272,6949
5/16/2020,Schenectady,7,620,175,7124
5/17/2020,Schenectady,9,629,233,7357
5/18/2020,Schenectady,2,631,83,7440
5/19/2020,Schenectady,2,633,392,7832
5/20/2020,Schenectady,5,638,378,8210
5/21/2020,Schenectady,7,645,667,8877
5/22/2020,Schenectady,3,648,248,9125
5/23/2020,Schenectady,10,658,641,9766
5/24/2020,Schenectady,6,664,340,10106
5/25/2020,Schenectady,4,668,143,10249
5/26/2020,Schenectady,5,673,243,10492
5/27/2020,Schenectady,3,676,485,10977
5/28/2020,Schenectady,4,680,792,11769
5/29/2020,Schenectady,6,686,477,12246
5/30/2020,Schenectady,3,689,324,12570
5/31/2020,Schenectady,4,693,482,13052
6/1/2020,Schenectady,3,696,481,13533
6/2/2020,Schenectady,5,701,406,13939
6/3/2020,Schenectady,0,701,565,14504
6/4/2020,Schenectady,5,706,802,15306
6/5/2020,Schenectady,4,710,497,15803
6/6/2020,Schenectady,1,711,579,16382
6/7/2020,Schenectady,1,712,533,16915
6/8/2020,Schenectady,3,715,402,17317
6/9/2020,Schenectady,1,716,211,17528
6/10/2020,Schenectady,1,717,550,18078
6/11/2020,Schenectady,4,721,990,19068
6/12/2020,Schenectady,2,723,372,19440
6/13/2020,Schenectady,2,725,421,19861
6/14/2020,Schenectady,7,732,329,20190
6/15/2020,Schenectady,3,735,495,20685
6/16/2020,Schenectady,2,737,350,21035
6/17/2020,Schenectady,1,738,540,21575
6/18/2020,Schenectady,8,746,763,22338
6/19/2020,Schenectady,3,749,478,22816
6/20/2020,Schenectady,5,754,549,23365
6/21/2020,Schenectady,7,761,594,23959
6/22/2020,Schenectady,9,770,347,24306
6/23/2020,Schenectady,2,772,391,24697
6/24/2020,Schenectady,6,778,812,25509
6/25/2020,Schenectady,3,781,403,25912
6/26/2020,Schenectady,5,786,454,26366
6/27/2020,Schenectady,6,792,385,26751
6/28/2020,Schenectady,7,799,393,27144
6/29/2020,Schenectady,1,800,295,27439
6/30/2020,Schenectady,5,805,247,27686
7/1/2020,Schenectady,11,816,690,28376
7/2/2020,Schenectady,8,824,395,28771
7/3/2020,Schenectady,7,831,418,29189
7/4/2020,Schenectady,3,834,559,29748
7/5/2020,Schenectady,4,838,471,30219
7/6/2020,Schenectady,5,843,340,30559
7/7/2020,Schenectady,1,844,297,30856
7/8/2020,Schenectady,4,848,413,31269
7/9/2020,Schenectady,4,852,436,31705
7/10/2020,Schenectady,4,856,447,32152
7/11/2020,Schenectady,8,864,385,32537
7/12/2020,Schenectady,4,868,488,33025
7/13/2020,Schenectady,15,883,495,33520
7/14/2020,Schenectady,8,891,476,33996
3/2/2020,Schoharie,0,0,0,0
3/3/2020,Schoharie,0,0,0,0
3/4/2020,Schoharie,0,0,0,0
3/5/2020,Schoharie,0,0,0,0
3/6/2020,Schoharie,0,0,0,0
3/7/2020,Schoharie,0,0,0,0
3/8/2020,Schoharie,0,0,0,0
3/9/2020,Schoharie,0,0,0,0
3/10/2020,Schoharie,0,0,0,0
3/11/2020,Schoharie,0,0,2,2
3/12/2020,Schoharie,0,0,1,3
3/13/2020,Schoharie,0,0,0,3
3/14/2020,Schoharie,0,0,0,3
3/15/2020,Schoharie,0,0,0,3
3/16/2020,Schoharie,0,0,0,3
3/17/2020,Schoharie,0,0,8,11
3/18/2020,Schoharie,1,1,8,19
3/19/2020,Schoharie,0,1,10,29
3/20/2020,Schoharie,0,1,16,45
3/21/2020,Schoharie,0,1,6,51
3/22/2020,Schoharie,0,1,3,54
3/23/2020,Schoharie,0,1,1,55
3/24/2020,Schoharie,1,2,3,58
3/25/2020,Schoharie,0,2,2,60
3/26/2020,Schoharie,1,3,3,63
3/27/2020,Schoharie,2,5,9,72
3/28/2020,Schoharie,0,5,5,77
3/29/2020,Schoharie,1,6,3,80
3/30/2020,Schoharie,0,6,4,84
3/31/2020,Schoharie,2,8,7,91
4/1/2020,Schoharie,0,8,10,101
4/2/2020,Schoharie,1,9,5,106
4/3/2020,Schoharie,1,10,21,127
4/4/2020,Schoharie,1,11,16,143
4/5/2020,Schoharie,0,11,17,160
4/6/2020,Schoharie,1,12,19,179
4/7/2020,Schoharie,0,12,20,199
4/8/2020,Schoharie,0,12,8,207
4/9/2020,Schoharie,0,12,16,223
4/10/2020,Schoharie,0,12,5,228
4/11/2020,Schoharie,0,12,2,230
4/12/2020,Schoharie,0,12,4,234
4/13/2020,Schoharie,8,20,59,293
4/14/2020,Schoharie,0,20,1,294
4/15/2020,Schoharie,0,20,5,299
4/16/2020,Schoharie,0,20,0,299
4/17/2020,Schoharie,0,20,1,300
4/18/2020,Schoharie,0,20,2,302
4/19/2020,Schoharie,0,20,4,306
4/20/2020,Schoharie,0,20,4,310
4/21/2020,Schoharie,0,20,0,310
4/22/2020,Schoharie,1,21,8,318
4/23/2020,Schoharie,0,21,13,331
4/24/2020,Schoharie,12,33,177,508
4/25/2020,Schoharie,2,35,29,537
4/26/2020,Schoharie,0,35,15,552
4/27/2020,Schoharie,3,38,19,571
4/28/2020,Schoharie,1,39,21,592
4/29/2020,Schoharie,3,42,17,609
4/30/2020,Schoharie,1,43,24,633
5/1/2020,Schoharie,0,43,16,649
5/2/2020,Schoharie,2,45,20,669
5/3/2020,Schoharie,0,45,21,690
5/4/2020,Schoharie,0,45,29,719
5/5/2020,Schoharie,0,45,29,748
5/6/2020,Schoharie,0,45,20,768
5/7/2020,Schoharie,0,45,15,783
5/8/2020,Schoharie,1,46,32,815
5/9/2020,Schoharie,0,46,23,838
5/10/2020,Schoharie,0,46,19,857
5/11/2020,Schoharie,0,46,32,889
5/12/2020,Schoharie,1,47,27,916
5/13/2020,Schoharie,0,47,32,948
5/14/2020,Schoharie,0,47,8,956
5/15/2020,Schoharie,0,47,22,978
5/16/2020,Schoharie,0,47,39,1017
5/17/2020,Schoharie,1,48,36,1053
5/18/2020,Schoharie,0,48,21,1074
5/19/2020,Schoharie,0,48,34,1108
5/20/2020,Schoharie,1,49,33,1141
5/21/2020,Schoharie,0,49,27,1168
5/22/2020,Schoharie,0,49,23,1191
5/23/2020,Schoharie,0,49,29,1220
5/24/2020,Schoharie,0,49,21,1241
5/25/2020,Schoharie,0,49,12,1253
5/26/2020,Schoharie,0,49,46,1299
5/27/2020,Schoharie,0,49,74,1373
5/28/2020,Schoharie,0,49,32,1405
5/29/2020,Schoharie,1,50,32,1437
5/30/2020,Schoharie,0,50,41,1478
5/31/2020,Schoharie,0,50,47,1525
6/1/2020,Schoharie,1,51,39,1564
6/2/2020,Schoharie,0,51,46,1610
6/3/2020,Schoharie,0,51,63,1673
6/4/2020,Schoharie,0,51,60,1733
6/5/2020,Schoharie,3,54,85,1818
6/6/2020,Schoharie,0,54,59,1877
6/7/2020,Schoharie,0,54,65,1942
6/8/2020,Schoharie,0,54,60,2002
6/9/2020,Schoharie,0,54,41,2043
6/10/2020,Schoharie,0,54,74,2117
6/11/2020,Schoharie,0,54,33,2150
6/12/2020,Schoharie,0,54,40,2190
6/13/2020,Schoharie,0,54,37,2227
6/14/2020,Schoharie,0,54,42,2269
6/15/2020,Schoharie,0,54,83,2352
6/16/2020,Schoharie,1,55,87,2439
6/17/2020,Schoharie,0,55,38,2477
6/18/2020,Schoharie,0,55,45,2522
6/19/2020,Schoharie,1,56,35,2557
6/20/2020,Schoharie,1,57,55,2612
6/21/2020,Schoharie,0,57,84,2696
6/22/2020,Schoharie,0,57,61,2757
6/23/2020,Schoharie,0,57,37,2794
6/24/2020,Schoharie,0,57,45,2839
6/25/2020,Schoharie,0,57,19,2858
6/26/2020,Schoharie,0,57,47,2905
6/27/2020,Schoharie,1,58,61,2966
6/28/2020,Schoharie,0,58,48,3014
6/29/2020,Schoharie,0,58,68,3082
6/30/2020,Schoharie,0,58,46,3128
7/1/2020,Schoharie,0,58,49,3177
7/2/2020,Schoharie,0,58,25,3202
7/3/2020,Schoharie,0,58,39,3241
7/4/2020,Schoharie,1,59,49,3290
7/5/2020,Schoharie,0,59,39,3329
7/6/2020,Schoharie,0,59,29,3358
7/7/2020,Schoharie,1,60,48,3406
7/8/2020,Schoharie,1,61,45,3451
7/9/2020,Schoharie,1,62,42,3493
7/10/2020,Schoharie,0,62,53,3546
7/11/2020,Schoharie,0,62,42,3588
7/12/2020,Schoharie,0,62,32,3620
7/13/2020,Schoharie,0,62,35,3655
7/14/2020,Schoharie,0,62,73,3728
3/2/2020,Schuyler,0,0,0,0
3/3/2020,Schuyler,0,0,0,0
3/4/2020,Schuyler,0,0,0,0
3/5/2020,Schuyler,0,0,0,0
3/6/2020,Schuyler,0,0,0,0
3/7/2020,Schuyler,0,0,0,0
3/8/2020,Schuyler,0,0,0,0
3/9/2020,Schuyler,0,0,0,0
3/10/2020,Schuyler,0,0,0,0
3/11/2020,Schuyler,0,0,0,0
3/12/2020,Schuyler,0,0,0,0
3/13/2020,Schuyler,0,0,0,0
3/14/2020,Schuyler,0,0,1,1
3/15/2020,Schuyler,0,0,1,2
3/16/2020,Schuyler,0,0,2,4
3/17/2020,Schuyler,0,0,0,4
3/18/2020,Schuyler,0,0,1,5
3/19/2020,Schuyler,0,0,0,5
3/20/2020,Schuyler,0,0,9,14
3/21/2020,Schuyler,0,0,3,17
3/22/2020,Schuyler,0,0,7,24
3/23/2020,Schuyler,0,0,8,32
3/24/2020,Schuyler,0,0,0,32
3/25/2020,Schuyler,0,0,1,33
3/26/2020,Schuyler,0,0,8,41
3/27/2020,Schuyler,1,1,6,47
3/28/2020,Schuyler,0,1,7,54
3/29/2020,Schuyler,1,2,6,60
3/30/2020,Schuyler,0,2,6,66
3/31/2020,Schuyler,0,2,1,67
4/1/2020,Schuyler,1,3,8,75
4/2/2020,Schuyler,0,3,13,88
4/3/2020,Schuyler,1,4,5,93
4/4/2020,Schuyler,0,4,2,95
4/5/2020,Schuyler,0,4,9,104
4/6/2020,Schuyler,0,4,4,108
4/7/2020,Schuyler,0,4,12,120
4/8/2020,Schuyler,0,4,20,140
4/9/2020,Schuyler,1,5,4,144
4/10/2020,Schuyler,0,5,7,151
4/11/2020,Schuyler,0,5,1,152
4/12/2020,Schuyler,0,5,1,153
4/13/2020,Schuyler,1,6,11,164
4/14/2020,Schuyler,0,6,0,164
4/15/2020,Schuyler,0,6,5,169
4/16/2020,Schuyler,0,6,8,177
4/17/2020,Schuyler,0,6,4,181
4/18/2020,Schuyler,0,6,0,181
4/19/2020,Schuyler,1,7,4,185
4/20/2020,Schuyler,0,7,4,189
4/21/2020,Schuyler,0,7,10,199
4/22/2020,Schuyler,0,7,108,307
4/23/2020,Schuyler,0,7,18,325
4/24/2020,Schuyler,0,7,38,363
4/25/2020,Schuyler,0,7,10,373
4/26/2020,Schuyler,0,7,9,382
4/27/2020,Schuyler,0,7,8,390
4/28/2020,Schuyler,0,7,15,405
4/29/2020,Schuyler,0,7,7,412
4/30/2020,Schuyler,0,7,6,418
5/1/2020,Schuyler,0,7,7,425
5/2/2020,Schuyler,0,7,2,427
5/3/2020,Schuyler,0,7,12,439
5/4/2020,Schuyler,0,7,5,444
5/5/2020,Schuyler,0,7,31,475
5/6/2020,Schuyler,0,7,12,487
5/7/2020,Schuyler,0,7,9,496
5/8/2020,Schuyler,0,7,38,534
5/9/2020,Schuyler,0,7,31,565
5/10/2020,Schuyler,0,7,14,579
5/11/2020,Schuyler,1,8,17,596
5/12/2020,Schuyler,0,8,32,628
5/13/2020,Schuyler,0,8,46,674
5/14/2020,Schuyler,0,8,18,692
5/15/2020,Schuyler,0,8,52,744
5/16/2020,Schuyler,1,9,32,776
5/17/2020,Schuyler,1,10,55,831
5/18/2020,Schuyler,0,10,57,888
5/19/2020,Schuyler,0,10,44,932
5/20/2020,Schuyler,0,10,42,974
5/21/2020,Schuyler,1,11,49,1023
5/22/2020,Schuyler,0,11,78,1101
5/23/2020,Schuyler,0,11,45,1146
5/24/2020,Schuyler,0,11,52,1198
5/25/2020,Schuyler,0,11,14,1212
5/26/2020,Schuyler,0,11,68,1280
5/27/2020,Schuyler,0,11,41,1321
5/28/2020,Schuyler,0,11,52,1373
5/29/2020,Schuyler,0,11,64,1437
5/30/2020,Schuyler,0,11,76,1513
5/31/2020,Schuyler,0,11,30,1543
6/1/2020,Schuyler,1,12,26,1569
6/2/2020,Schuyler,0,12,40,1609
6/3/2020,Schuyler,0,12,22,1631
6/4/2020,Schuyler,0,12,32,1663
6/5/2020,Schuyler,0,12,139,1802
6/6/2020,Schuyler,0,12,47,1849
6/7/2020,Schuyler,0,12,45,1894
6/8/2020,Schuyler,0,12,81,1975
6/9/2020,Schuyler,0,12,46,2021
6/10/2020,Schuyler,0,12,47,2068
6/11/2020,Schuyler,0,12,51,2119
6/12/2020,Schuyler,0,12,67,2186
6/13/2020,Schuyler,0,12,30,2216
6/14/2020,Schuyler,0,12,43,2259
6/15/2020,Schuyler,0,12,68,2327
6/16/2020,Schuyler,0,12,59,2386
6/17/2020,Schuyler,0,12,42,2428
6/18/2020,Schuyler,0,12,67,2495
6/19/2020,Schuyler,0,12,57,2552
6/20/2020,Schuyler,0,12,31,2583
6/21/2020,Schuyler,0,12,33,2616
6/22/2020,Schuyler,0,12,63,2679
6/23/2020,Schuyler,0,12,63,2742
6/24/2020,Schuyler,0,12,26,2768
6/25/2020,Schuyler,0,12,31,2799
6/26/2020,Schuyler,0,12,69,2868
6/27/2020,Schuyler,0,12,56,2924
6/28/2020,Schuyler,0,12,36,2960
6/29/2020,Schuyler,0,12,61,3021
6/30/2020,Schuyler,1,13,44,3065
7/1/2020,Schuyler,0,13,33,3098
7/2/2020,Schuyler,0,13,27,3125
7/3/2020,Schuyler,0,13,74,3199
7/4/2020,Schuyler,0,13,47,3246
7/5/2020,Schuyler,0,13,51,3297
7/6/2020,Schuyler,0,13,38,3335
7/7/2020,Schuyler,0,13,46,3381
7/8/2020,Schuyler,0,13,15,3396
7/9/2020,Schuyler,0,13,47,3443
7/10/2020,Schuyler,2,15,52,3495
7/11/2020,Schuyler,0,15,93,3588
7/12/2020,Schuyler,0,15,27,3615
7/13/2020,Schuyler,0,15,70,3685
7/14/2020,Schuyler,0,15,48,3733
3/2/2020,Seneca,0,0,0,0
3/3/2020,Seneca,0,0,0,0
3/4/2020,Seneca,0,0,0,0
3/5/2020,Seneca,0,0,0,0
3/6/2020,Seneca,0,0,0,0
3/7/2020,Seneca,0,0,0,0
3/8/2020,Seneca,0,0,0,0
3/9/2020,Seneca,0,0,0,0
3/10/2020,Seneca,0,0,0,0
3/11/2020,Seneca,0,0,0,0
3/12/2020,Seneca,0,0,0,0
3/13/2020,Seneca,0,0,0,0
3/14/2020,Seneca,0,0,0,0
3/15/2020,Seneca,0,0,1,1
3/16/2020,Seneca,0,0,1,2
3/17/2020,Seneca,0,0,1,3
3/18/2020,Seneca,0,0,2,5
3/19/2020,Seneca,0,0,2,7
3/20/2020,Seneca,0,0,6,13
3/21/2020,Seneca,0,0,3,16
3/22/2020,Seneca,0,0,4,20
3/23/2020,Seneca,0,0,11,31
3/24/2020,Seneca,0,0,0,31
3/25/2020,Seneca,0,0,6,37
3/26/2020,Seneca,0,0,11,48
3/27/2020,Seneca,0,0,16,64
3/28/2020,Seneca,0,0,4,68
3/29/2020,Seneca,0,0,5,73
3/30/2020,Seneca,2,2,7,80
3/31/2020,Seneca,0,2,1,81
4/1/2020,Seneca,2,4,14,95
4/2/2020,Seneca,2,6,13,108
4/3/2020,Seneca,0,6,7,115
4/4/2020,Seneca,3,9,15,130
4/5/2020,Seneca,0,9,11,141
4/6/2020,Seneca,1,10,8,149
4/7/2020,Seneca,2,12,14,163
4/8/2020,Seneca,3,15,20,183
4/9/2020,Seneca,0,15,8,191
4/10/2020,Seneca,1,16,5,196
4/11/2020,Seneca,0,16,3,199
4/12/2020,Seneca,0,16,1,200
4/13/2020,Seneca,2,18,33,233
4/14/2020,Seneca,0,18,1,234
4/15/2020,Seneca,0,18,2,236
4/16/2020,Seneca,0,18,3,239
4/17/2020,Seneca,0,18,2,241
4/18/2020,Seneca,0,18,5,246
4/19/2020,Seneca,0,18,2,248
4/20/2020,Seneca,0,18,0,248
4/21/2020,Seneca,0,18,3,251
4/22/2020,Seneca,0,18,15,266
4/23/2020,Seneca,0,18,5,271
4/24/2020,Seneca,18,36,135,406
4/25/2020,Seneca,2,38,11,417
4/26/2020,Seneca,0,38,12,429
4/27/2020,Seneca,0,38,9,438
4/28/2020,Seneca,0,38,13,451
4/29/2020,Seneca,1,39,24,475
4/30/2020,Seneca,2,41,22,497
5/1/2020,Seneca,1,42,26,523
5/2/2020,Seneca,3,45,51,574
5/3/2020,Seneca,0,45,19,593
5/4/2020,Seneca,1,46,26,619
5/5/2020,Seneca,0,46,20,639
5/6/2020,Seneca,0,46,24,663
5/7/2020,Seneca,0,46,19,682
5/8/2020,Seneca,2,48,46,728
5/9/2020,Seneca,1,49,42,770
5/10/2020,Seneca,0,49,41,811
5/11/2020,Seneca,0,49,25,836
5/12/2020,Seneca,0,49,49,885
5/13/2020,Seneca,0,49,40,925
5/14/2020,Seneca,0,49,30,955
5/15/2020,Seneca,1,50,29,984
5/16/2020,Seneca,1,51,48,1032
5/17/2020,Seneca,0,51,122,1154
5/18/2020,Seneca,0,51,65,1219
5/19/2020,Seneca,1,52,50,1269
5/20/2020,Seneca,0,52,79,1348
5/21/2020,Seneca,2,54,54,1402
5/22/2020,Seneca,0,54,51,1453
5/23/2020,Seneca,1,55,103,1556
5/24/2020,Seneca,0,55,56,1612
5/25/2020,Seneca,0,55,86,1698
5/26/2020,Seneca,0,55,50,1748
5/27/2020,Seneca,1,56,77,1825
5/28/2020,Seneca,1,57,140,1965
5/29/2020,Seneca,1,58,68,2033
5/30/2020,Seneca,0,58,138,2171
5/31/2020,Seneca,1,59,81,2252
6/1/2020,Seneca,0,59,60,2312
6/2/2020,Seneca,1,60,157,2469
6/3/2020,Seneca,0,60,106,2575
6/4/2020,Seneca,1,61,141,2716
6/5/2020,Seneca,0,61,165,2881
6/6/2020,Seneca,0,61,162,3043
6/7/2020,Seneca,0,61,118,3161
6/8/2020,Seneca,0,61,91,3252
6/9/2020,Seneca,0,61,98,3350
6/10/2020,Seneca,1,62,198,3548
6/11/2020,Seneca,1,63,198,3746
6/12/2020,Seneca,0,63,86,3832
6/13/2020,Seneca,0,63,127,3959
6/14/2020,Seneca,1,64,103,4062
6/15/2020,Seneca,0,64,105,4167
6/16/2020,Seneca,0,64,81,4248
6/17/2020,Seneca,0,64,34,4282
6/18/2020,Seneca,0,64,80,4362
6/19/2020,Seneca,0,64,80,4442
6/20/2020,Seneca,0,64,123,4565
6/21/2020,Seneca,0,64,80,4645
6/22/2020,Seneca,0,64,78,4723
6/23/2020,Seneca,0,64,62,4785
6/24/2020,Seneca,2,66,61,4846
6/25/2020,Seneca,3,69,89,4935
6/26/2020,Seneca,0,69,82,5017
6/27/2020,Seneca,0,69,93,5110
6/28/2020,Seneca,0,69,118,5228
6/29/2020,Seneca,0,69,60,5288
6/30/2020,Seneca,1,70,109,5397
7/1/2020,Seneca,0,70,44,5441
7/2/2020,Seneca,0,70,47,5488
7/3/2020,Seneca,0,70,98,5586
7/4/2020,Seneca,1,71,42,5628
7/5/2020,Seneca,0,71,60,5688
7/6/2020,Seneca,0,71,82,5770
7/7/2020,Seneca,0,71,105,5875
7/8/2020,Seneca,2,73,115,5990
7/9/2020,Seneca,0,73,85,6075
7/10/2020,Seneca,1,74,176,6251
7/11/2020,Seneca,0,74,110,6361
7/12/2020,Seneca,0,74,84,6445
7/13/2020,Seneca,0,74,104,6549
7/14/2020,Seneca,2,76,139,6688
3/2/2020,St. Lawrence,0,0,0,0
3/3/2020,St. Lawrence,0,0,0,0
3/4/2020,St. Lawrence,0,0,0,0
3/5/2020,St. Lawrence,0,0,0,0
3/6/2020,St. Lawrence,0,0,0,0
3/7/2020,St. Lawrence,0,0,2,2
3/8/2020,St. Lawrence,0,0,0,2
3/9/2020,St. Lawrence,0,0,0,2
3/10/2020,St. Lawrence,0,0,1,3
3/11/2020,St. Lawrence,0,0,2,5
3/12/2020,St. Lawrence,0,0,1,6
3/13/2020,St. Lawrence,0,0,1,7
3/14/2020,St. Lawrence,0,0,1,8
3/15/2020,St. Lawrence,0,0,1,9
3/16/2020,St. Lawrence,0,0,0,9
3/17/2020,St. Lawrence,0,0,7,16
3/18/2020,St. Lawrence,0,0,3,19
3/19/2020,St. Lawrence,0,0,7,26
3/20/2020,St. Lawrence,0,0,7,33
3/21/2020,St. Lawrence,1,1,20,53
3/22/2020,St. Lawrence,0,1,9,62
3/23/2020,St. Lawrence,0,1,6,68
3/24/2020,St. Lawrence,0,1,10,78
3/25/2020,St. Lawrence,1,2,14,92
3/26/2020,St. Lawrence,1,3,29,121
3/27/2020,St. Lawrence,5,8,82,203
3/28/2020,St. Lawrence,4,12,65,268
3/29/2020,St. Lawrence,1,13,44,312
3/30/2020,St. Lawrence,17,30,74,386
3/31/2020,St. Lawrence,4,34,32,418
4/1/2020,St. Lawrence,5,39,30,448
4/2/2020,St. Lawrence,4,43,54,502
4/3/2020,St. Lawrence,9,52,81,583
4/4/2020,St. Lawrence,3,55,46,629
4/5/2020,St. Lawrence,4,59,43,672
4/6/2020,St. Lawrence,1,60,64,736
4/7/2020,St. Lawrence,9,69,69,805
4/8/2020,St. Lawrence,7,76,50,855
4/9/2020,St. Lawrence,2,78,24,879
4/10/2020,St. Lawrence,2,80,19,898
4/11/2020,St. Lawrence,5,85,65,963
4/12/2020,St. Lawrence,4,89,47,1010
4/13/2020,St. Lawrence,3,92,29,1039
4/14/2020,St. Lawrence,0,92,7,1046
4/15/2020,St. Lawrence,1,93,48,1094
4/16/2020,St. Lawrence,3,96,16,1110
4/17/2020,St. Lawrence,2,98,6,1116
4/18/2020,St. Lawrence,7,105,25,1141
4/19/2020,St. Lawrence,5,110,24,1165
4/20/2020,St. Lawrence,10,120,17,1182
4/21/2020,St. Lawrence,3,123,6,1188
4/22/2020,St. Lawrence,16,139,94,1282
4/23/2020,St. Lawrence,5,144,37,1319
4/24/2020,St. Lawrence,12,156,64,1383
4/25/2020,St. Lawrence,11,167,36,1419
4/26/2020,St. Lawrence,2,169,27,1446
4/27/2020,St. Lawrence,1,170,19,1465
4/28/2020,St. Lawrence,0,170,84,1549
4/29/2020,St. Lawrence,3,173,277,1826
4/30/2020,St. Lawrence,3,176,157,1983
5/1/2020,St. Lawrence,0,176,130,2113
5/2/2020,St. Lawrence,1,177,125,2238
5/3/2020,St. Lawrence,1,178,85,2323
5/4/2020,St. Lawrence,0,178,38,2361
5/5/2020,St. Lawrence,2,180,34,2395
5/6/2020,St. Lawrence,1,181,53,2448
5/7/2020,St. Lawrence,6,187,845,3293
5/8/2020,St. Lawrence,0,187,164,3457
5/9/2020,St. Lawrence,0,187,51,3508
5/10/2020,St. Lawrence,3,190,47,3555
5/11/2020,St. Lawrence,1,191,18,3573
5/12/2020,St. Lawrence,1,192,151,3724
5/13/2020,St. Lawrence,0,192,105,3829
5/14/2020,St. Lawrence,0,192,332,4161
5/15/2020,St. Lawrence,0,192,1456,5617
5/16/2020,St. Lawrence,0,192,205,5822
5/17/2020,St. Lawrence,0,192,239,6061
5/18/2020,St. Lawrence,0,192,71,6132
5/19/2020,St. Lawrence,3,195,173,6305
5/20/2020,St. Lawrence,0,195,504,6809
5/21/2020,St. Lawrence,0,195,349,7158
5/22/2020,St. Lawrence,1,196,333,7491
5/23/2020,St. Lawrence,1,197,301,7792
5/24/2020,St. Lawrence,0,197,114,7906
5/25/2020,St. Lawrence,0,197,60,7966
5/26/2020,St. Lawrence,3,200,78,8044
5/27/2020,St. Lawrence,1,201,227,8271
5/28/2020,St. Lawrence,1,202,447,8718
5/29/2020,St. Lawrence,0,202,136,8854
5/30/2020,St. Lawrence,2,204,303,9157
5/31/2020,St. Lawrence,1,205,472,9629
6/1/2020,St. Lawrence,0,205,106,9735
6/2/2020,St. Lawrence,1,206,324,10059
6/3/2020,St. Lawrence,1,207,293,10352
6/4/2020,St. Lawrence,0,207,451,10803
6/5/2020,St. Lawrence,2,209,477,11280
6/6/2020,St. Lawrence,0,209,382,11662
6/7/2020,St. Lawrence,0,209,539,12201
6/8/2020,St. Lawrence,0,209,220,12421
6/9/2020,St. Lawrence,0,209,170,12591
6/10/2020,St. Lawrence,3,212,256,12847
6/11/2020,St. Lawrence,2,214,427,13274
6/12/2020,St. Lawrence,0,214,368,13642
6/13/2020,St. Lawrence,1,215,383,14025
6/14/2020,St. Lawrence,0,215,222,14247
6/15/2020,St. Lawrence,0,215,190,14437
6/16/2020,St. Lawrence,0,215,226,14663
6/17/2020,St. Lawrence,0,215,246,14909
6/18/2020,St. Lawrence,0,215,216,15125
6/19/2020,St. Lawrence,1,216,352,15477
6/20/2020,St. Lawrence,0,216,266,15743
6/21/2020,St. Lawrence,1,217,271,16014
6/22/2020,St. Lawrence,0,217,153,16167
6/23/2020,St. Lawrence,0,217,99,16266
6/24/2020,St. Lawrence,0,217,249,16515
6/25/2020,St. Lawrence,1,218,282,16797
6/26/2020,St. Lawrence,0,218,315,17112
6/27/2020,St. Lawrence,0,218,435,17547
6/28/2020,St. Lawrence,1,219,220,17767
6/29/2020,St. Lawrence,0,219,144,17911
6/30/2020,St. Lawrence,0,219,121,18032
7/1/2020,St. Lawrence,1,220,137,18169
7/2/2020,St. Lawrence,2,222,183,18352
7/3/2020,St. Lawrence,1,223,416,18768
7/4/2020,St. Lawrence,1,224,143,18911
7/5/2020,St. Lawrence,2,226,242,19153
7/6/2020,St. Lawrence,0,226,141,19294
7/7/2020,St. Lawrence,1,227,278,19572
7/8/2020,St. Lawrence,0,227,215,19787
7/9/2020,St. Lawrence,0,227,247,20034
7/10/2020,St. Lawrence,3,230,555,20589
7/11/2020,St. Lawrence,0,230,385,20974
7/12/2020,St. Lawrence,1,231,489,21463
7/13/2020,St. Lawrence,2,233,321,21784
7/14/2020,St. Lawrence,1,234,345,22129
3/2/2020,Steuben,0,0,0,0
3/3/2020,Steuben,0,0,0,0
3/4/2020,Steuben,0,0,0,0
3/5/2020,Steuben,0,0,0,0
3/6/2020,Steuben,0,0,0,0
3/7/2020,Steuben,0,0,0,0
3/8/2020,Steuben,0,0,0,0
3/9/2020,Steuben,0,0,0,0
3/10/2020,Steuben,0,0,0,0
3/11/2020,Steuben,0,0,0,0
3/12/2020,Steuben,0,0,0,0
3/13/2020,Steuben,0,0,1,1
3/14/2020,Steuben,0,0,0,1
3/15/2020,Steuben,0,0,0,1
3/16/2020,Steuben,0,0,0,1
3/17/2020,Steuben,0,0,0,1
3/18/2020,Steuben,0,0,4,5
3/19/2020,Steuben,0,0,3,8
3/20/2020,Steuben,2,2,27,35
3/21/2020,Steuben,1,3,17,52
3/22/2020,Steuben,1,4,10,62
3/23/2020,Steuben,1,5,2,64
3/24/2020,Steuben,3,8,13,77
3/25/2020,Steuben,3,11,30,107
3/26/2020,Steuben,1,12,25,132
3/27/2020,Steuben,1,13,27,159
3/28/2020,Steuben,4,17,22,181
3/29/2020,Steuben,2,19,8,189
3/30/2020,Steuben,5,24,39,228
3/31/2020,Steuben,14,38,56,284
4/1/2020,Steuben,5,43,25,309
4/2/2020,Steuben,3,46,36,345
4/3/2020,Steuben,9,55,27,372
4/4/2020,Steuben,8,63,31,403
4/5/2020,Steuben,12,75,40,443
4/6/2020,Steuben,0,75,22,465
4/7/2020,Steuben,7,82,67,532
4/8/2020,Steuben,7,89,50,582
4/9/2020,Steuben,28,117,97,679
4/10/2020,Steuben,2,119,28,707
4/11/2020,Steuben,2,121,12,719
4/12/2020,Steuben,2,123,10,729
4/13/2020,Steuben,24,147,90,819
4/14/2020,Steuben,4,151,24,843
4/15/2020,Steuben,3,154,20,863
4/16/2020,Steuben,0,154,25,888
4/17/2020,Steuben,6,160,92,980
4/18/2020,Steuben,7,167,100,1080
4/19/2020,Steuben,0,167,4,1084
4/20/2020,Steuben,3,170,33,1117
4/21/2020,Steuben,1,171,41,1158
4/22/2020,Steuben,0,171,24,1182
4/23/2020,Steuben,0,171,28,1210
4/24/2020,Steuben,33,204,556,1766
4/25/2020,Steuben,3,207,35,1801
4/26/2020,Steuben,2,209,10,1811
4/27/2020,Steuben,1,210,58,1869
4/28/2020,Steuben,4,214,105,1974
4/29/2020,Steuben,2,216,63,2037
4/30/2020,Steuben,0,216,42,2079
5/1/2020,Steuben,1,217,62,2141
5/2/2020,Steuben,1,218,41,2182
5/3/2020,Steuben,1,219,70,2252
5/4/2020,Steuben,2,221,90,2342
5/5/2020,Steuben,2,223,114,2456
5/6/2020,Steuben,1,224,66,2522
5/7/2020,Steuben,1,225,101,2623
5/8/2020,Steuben,1,226,228,2851
5/9/2020,Steuben,1,227,73,2924
5/10/2020,Steuben,1,228,58,2982
5/11/2020,Steuben,1,229,90,3072
5/12/2020,Steuben,1,230,306,3378
5/13/2020,Steuben,0,230,103,3481
5/14/2020,Steuben,1,231,110,3591
5/15/2020,Steuben,2,233,68,3659
5/16/2020,Steuben,1,234,97,3756
5/17/2020,Steuben,1,235,67,3823
5/18/2020,Steuben,1,236,126,3949
5/19/2020,Steuben,1,237,314,4263
5/20/2020,Steuben,1,238,133,4396
5/21/2020,Steuben,2,240,161,4557
5/22/2020,Steuben,0,240,114,4671
5/23/2020,Steuben,0,240,83,4754
5/24/2020,Steuben,0,240,72,4826
5/25/2020,Steuben,0,240,79,4905
5/26/2020,Steuben,1,241,221,5126
5/27/2020,Steuben,0,241,132,5258
5/28/2020,Steuben,0,241,98,5356
5/29/2020,Steuben,0,241,133,5489
5/30/2020,Steuben,0,241,122,5611
5/31/2020,Steuben,0,241,91,5702
6/1/2020,Steuben,1,242,133,5835
6/2/2020,Steuben,1,243,332,6167
6/3/2020,Steuben,2,245,187,6354
6/4/2020,Steuben,1,246,148,6502
6/5/2020,Steuben,5,251,360,6862
6/6/2020,Steuben,0,251,120,6982
6/7/2020,Steuben,0,251,162,7144
6/8/2020,Steuben,1,252,196,7340
6/9/2020,Steuben,1,253,238,7578
6/10/2020,Steuben,1,254,374,7952
6/11/2020,Steuben,0,254,239,8191
6/12/2020,Steuben,1,255,278,8469
6/13/2020,Steuben,0,255,158,8627
6/14/2020,Steuben,1,256,198,8825
6/15/2020,Steuben,1,257,346,9171
6/16/2020,Steuben,0,257,306,9477
6/17/2020,Steuben,0,257,359,9836
6/18/2020,Steuben,0,257,257,10093
6/19/2020,Steuben,4,261,133,10226
6/20/2020,Steuben,0,261,172,10398
6/21/2020,Steuben,2,263,204,10602
6/22/2020,Steuben,0,263,163,10765
6/23/2020,Steuben,0,263,263,11028
6/24/2020,Steuben,1,264,245,11273
6/25/2020,Steuben,0,264,220,11493
6/26/2020,Steuben,0,264,178,11671
6/27/2020,Steuben,2,266,236,11907
6/28/2020,Steuben,0,266,171,12078
6/29/2020,Steuben,0,266,165,12243
6/30/2020,Steuben,2,268,402,12645
7/1/2020,Steuben,0,268,213,12858
7/2/2020,Steuben,0,268,201,13059
7/3/2020,Steuben,1,269,282,13341
7/4/2020,Steuben,1,270,209,13550
7/5/2020,Steuben,1,271,252,13802
7/6/2020,Steuben,0,271,195,13997
7/7/2020,Steuben,0,271,223,14220
7/8/2020,Steuben,1,272,199,14419
7/9/2020,Steuben,0,272,182,14601
7/10/2020,Steuben,2,274,183,14784
7/11/2020,Steuben,0,274,247,15031
7/12/2020,Steuben,2,276,101,15132
7/13/2020,Steuben,2,278,292,15424
7/14/2020,Steuben,1,279,402,15826
3/2/2020,Suffolk,0,0,0,0
3/3/2020,Suffolk,0,0,0,0
3/4/2020,Suffolk,0,0,2,2
3/5/2020,Suffolk,0,0,2,4
3/6/2020,Suffolk,0,0,1,5
3/7/2020,Suffolk,0,0,2,7
3/8/2020,Suffolk,1,1,11,18
3/9/2020,Suffolk,0,1,4,22
3/10/2020,Suffolk,5,6,24,46
3/11/2020,Suffolk,5,11,24,70
3/12/2020,Suffolk,11,22,73,143
3/13/2020,Suffolk,10,32,79,222
3/14/2020,Suffolk,9,41,38,260
3/15/2020,Suffolk,22,63,95,355
3/16/2020,Suffolk,22,85,109,464
3/17/2020,Suffolk,31,116,179,643
3/18/2020,Suffolk,62,178,361,1004
3/19/2020,Suffolk,193,371,766,1770
3/20/2020,Suffolk,290,661,1461,3231
3/21/2020,Suffolk,373,1034,1578,4809
3/22/2020,Suffolk,424,1458,1153,5962
3/23/2020,Suffolk,422,1880,1047,7009
3/24/2020,Suffolk,380,2260,854,7863
3/25/2020,Suffolk,475,2735,1189,9052
3/26/2020,Suffolk,650,3385,1333,10385
3/27/2020,Suffolk,753,4138,1690,12075
3/28/2020,Suffolk,885,5023,2155,14230
3/29/2020,Suffolk,768,5791,1598,15828
3/30/2020,Suffolk,922,6713,1857,17685
3/31/2020,Suffolk,892,7605,1620,19305
4/1/2020,Suffolk,1141,8746,2148,21453
4/2/2020,Suffolk,1408,10154,2575,24028
4/3/2020,Suffolk,1216,11370,2463,26491
4/4/2020,Suffolk,1035,12405,2200,28691
4/5/2020,Suffolk,1082,13487,2211,30902
4/6/2020,Suffolk,1030,14517,2323,33225
4/7/2020,Suffolk,1327,15844,3139,36364
4/8/2020,Suffolk,1569,17413,3889,40253
4/9/2020,Suffolk,1279,18692,2942,43195
4/10/2020,Suffolk,1191,19883,2556,45751
4/11/2020,Suffolk,933,20816,2215,47966
4/12/2020,Suffolk,827,21643,2164,50130
4/13/2020,Suffolk,819,22462,2246,52376
4/14/2020,Suffolk,816,23278,2135,54511
4/15/2020,Suffolk,904,24182,2536,57047
4/16/2020,Suffolk,853,25035,2496,59543
4/17/2020,Suffolk,1108,26143,3385,62928
4/18/2020,Suffolk,745,26888,2392,65320
4/19/2020,Suffolk,774,27662,2278,67598
4/20/2020,Suffolk,492,28154,1482,69080
4/21/2020,Suffolk,700,28854,2188,71268
4/22/2020,Suffolk,713,29567,2428,73696
4/23/2020,Suffolk,1039,30606,3858,77554
4/24/2020,Suffolk,762,31368,2860,80414
4/25/2020,Suffolk,691,32059,2830,83244
4/26/2020,Suffolk,411,32470,1826,85070
4/27/2020,Suffolk,254,32724,1429,86499
4/28/2020,Suffolk,541,33265,2669,89168
4/29/2020,Suffolk,399,33664,2193,91361
4/30/2020,Suffolk,373,34037,2207,93568
5/1/2020,Suffolk,441,34478,2660,96228
5/2/2020,Suffolk,377,34855,2521,98749
5/3/2020,Suffolk,222,35077,1640,100389
5/4/2020,Suffolk,198,35275,1586,101975
5/5/2020,Suffolk,268,35543,2112,104087
5/6/2020,Suffolk,349,35892,2668,106755
5/7/2020,Suffolk,331,36223,2357,109112
5/8/2020,Suffolk,238,36461,2227,111339
5/9/2020,Suffolk,241,36702,2556,113895
5/10/2020,Suffolk,209,36911,2014,115909
5/11/2020,Suffolk,151,37062,1964,117873
5/12/2020,Suffolk,243,37305,2950,120823
5/13/2020,Suffolk,239,37544,3229,124052
5/14/2020,Suffolk,175,37719,2777,126829
5/15/2020,Suffolk,223,37942,3048,129877
5/16/2020,Suffolk,175,38117,2818,132695
5/17/2020,Suffolk,107,38224,1948,134643
5/18/2020,Suffolk,103,38327,2118,136761
5/19/2020,Suffolk,84,38411,2416,139177
5/20/2020,Suffolk,142,38553,3623,142800
5/21/2020,Suffolk,119,38672,3022,145822
5/22/2020,Suffolk,130,38802,4005,149827
5/23/2020,Suffolk,162,38964,3865,153692
5/24/2020,Suffolk,126,39090,4010,157702
5/25/2020,Suffolk,109,39199,3241,160943
5/26/2020,Suffolk,59,39258,2492,163435
5/27/2020,Suffolk,101,39359,4482,167917
5/28/2020,Suffolk,86,39445,4591,172508
5/29/2020,Suffolk,87,39532,4388,176896
5/30/2020,Suffolk,111,39643,5138,182034
5/31/2020,Suffolk,62,39705,4294,186328
6/1/2020,Suffolk,275,39980,4365,190693
6/2/2020,Suffolk,82,40062,4840,195533
6/3/2020,Suffolk,91,40153,5178,200711
6/4/2020,Suffolk,86,40239,5202,205913
6/5/2020,Suffolk,39,40278,5505,211418
6/6/2020,Suffolk,51,40329,4582,216000
6/7/2020,Suffolk,48,40377,4833,220833
6/8/2020,Suffolk,49,40426,4098,224931
6/9/2020,Suffolk,38,40464,4099,229030
6/10/2020,Suffolk,48,40512,5079,234109
6/11/2020,Suffolk,47,40559,5206,239315
6/12/2020,Suffolk,56,40615,5879,245194
6/13/2020,Suffolk,44,40659,4243,249437
6/14/2020,Suffolk,33,40692,4110,253547
6/15/2020,Suffolk,46,40738,4866,258413
6/16/2020,Suffolk,32,40770,4086,262499
6/17/2020,Suffolk,40,40810,5476,267975
6/18/2020,Suffolk,54,40864,5570,273545
6/19/2020,Suffolk,44,40908,4391,277936
6/20/2020,Suffolk,64,40972,5243,283179
6/21/2020,Suffolk,38,41010,3952,287131
6/22/2020,Suffolk,46,41056,3530,290661
6/23/2020,Suffolk,45,41101,3941,294602
6/24/2020,Suffolk,50,41151,5529,300131
6/25/2020,Suffolk,57,41208,5076,305207
6/26/2020,Suffolk,45,41253,4615,309822
6/27/2020,Suffolk,53,41306,5095,314917
6/28/2020,Suffolk,33,41339,4481,319398
6/29/2020,Suffolk,46,41385,3312,322710
6/30/2020,Suffolk,42,41427,4047,326757
7/1/2020,Suffolk,64,41491,5730,332487
7/2/2020,Suffolk,47,41538,4791,337278
7/3/2020,Suffolk,47,41585,4110,341388
7/4/2020,Suffolk,57,41642,5933,347321
7/5/2020,Suffolk,43,41685,3812,351133
7/6/2020,Suffolk,45,41730,4226,355359
7/7/2020,Suffolk,69,41799,4108,359467
7/8/2020,Suffolk,50,41849,5372,364839
7/9/2020,Suffolk,62,41911,6245,371084
7/10/2020,Suffolk,76,41987,5490,376574
7/11/2020,Suffolk,41,42028,4260,380834
7/12/2020,Suffolk,84,42112,4517,385351
7/13/2020,Suffolk,102,42214,4795,390146
7/14/2020,Suffolk,53,42267,4756,394902
3/2/2020,Sullivan,0,0,0,0
3/3/2020,Sullivan,0,0,0,0
3/4/2020,Sullivan,0,0,0,0
3/5/2020,Sullivan,0,0,0,0
3/6/2020,Sullivan,0,0,0,0
3/7/2020,Sullivan,0,0,0,0
3/8/2020,Sullivan,0,0,0,0
3/9/2020,Sullivan,0,0,0,0
3/10/2020,Sullivan,0,0,0,0
3/11/2020,Sullivan,0,0,1,1
3/12/2020,Sullivan,0,0,0,1
3/13/2020,Sullivan,0,0,1,2
3/14/2020,Sullivan,0,0,7,9
3/15/2020,Sullivan,0,0,2,11
3/16/2020,Sullivan,1,1,9,20
3/17/2020,Sullivan,0,1,14,34
3/18/2020,Sullivan,2,3,23,57
3/19/2020,Sullivan,5,8,79,136
3/20/2020,Sullivan,4,12,42,178
3/21/2020,Sullivan,4,16,37,215
3/22/2020,Sullivan,7,23,83,298
3/23/2020,Sullivan,7,30,44,342
3/24/2020,Sullivan,9,39,23,365
3/25/2020,Sullivan,14,53,53,418
3/26/2020,Sullivan,11,64,62,480
3/27/2020,Sullivan,8,72,49,529
3/28/2020,Sullivan,16,88,91,620
3/29/2020,Sullivan,13,101,53,673
3/30/2020,Sullivan,8,109,33,706
3/31/2020,Sullivan,12,121,55,761
4/1/2020,Sullivan,22,143,96,857
4/2/2020,Sullivan,25,168,140,997
4/3/2020,Sullivan,25,193,133,1130
4/4/2020,Sullivan,41,234,153,1283
4/5/2020,Sullivan,19,253,91,1374
4/6/2020,Sullivan,17,270,77,1451
4/7/2020,Sullivan,9,279,56,1507
4/8/2020,Sullivan,15,294,60,1567
4/9/2020,Sullivan,24,318,115,1682
4/10/2020,Sullivan,22,340,99,1781
4/11/2020,Sullivan,18,358,65,1846
4/12/2020,Sullivan,22,380,73,1919
4/13/2020,Sullivan,35,415,133,2052
4/14/2020,Sullivan,9,424,37,2089
4/15/2020,Sullivan,13,437,39,2128
4/16/2020,Sullivan,68,505,192,2320
4/17/2020,Sullivan,19,524,92,2412
4/18/2020,Sullivan,13,537,38,2450
4/19/2020,Sullivan,7,544,30,2480
4/20/2020,Sullivan,11,555,44,2524
4/21/2020,Sullivan,6,561,45,2569
4/22/2020,Sullivan,19,580,52,2621
4/23/2020,Sullivan,48,628,253,2874
4/24/2020,Sullivan,61,689,296,3170
4/25/2020,Sullivan,35,724,160,3330
4/26/2020,Sullivan,24,748,120,3450
4/27/2020,Sullivan,21,769,77,3527
4/28/2020,Sullivan,42,811,114,3641
4/29/2020,Sullivan,27,838,102,3743
4/30/2020,Sullivan,42,880,122,3865
5/1/2020,Sullivan,51,931,128,3993
5/2/2020,Sullivan,20,951,105,4098
5/3/2020,Sullivan,25,976,106,4204
5/4/2020,Sullivan,8,984,111,4315
5/5/2020,Sullivan,12,996,99,4414
5/6/2020,Sullivan,25,1021,150,4564
5/7/2020,Sullivan,18,1039,90,4654
5/8/2020,Sullivan,32,1071,143,4797
5/9/2020,Sullivan,22,1093,115,4912
5/10/2020,Sullivan,16,1109,78,4990
5/11/2020,Sullivan,10,1119,95,5085
5/12/2020,Sullivan,16,1135,89,5174
5/13/2020,Sullivan,33,1168,178,5352
5/14/2020,Sullivan,21,1189,127,5479
5/15/2020,Sullivan,28,1217,176,5655
5/16/2020,Sullivan,14,1231,138,5793
5/17/2020,Sullivan,15,1246,133,5926
5/18/2020,Sullivan,12,1258,111,6037
5/19/2020,Sullivan,9,1267,116,6153
5/20/2020,Sullivan,14,1281,157,6310
5/21/2020,Sullivan,6,1287,158,6468
5/22/2020,Sullivan,10,1297,148,6616
5/23/2020,Sullivan,13,1310,155,6771
5/24/2020,Sullivan,14,1324,170,6941
5/25/2020,Sullivan,14,1338,238,7179
5/26/2020,Sullivan,2,1340,77,7256
5/27/2020,Sullivan,11,1351,209,7465
5/28/2020,Sullivan,13,1364,160,7625
5/29/2020,Sullivan,11,1375,254,7879
5/30/2020,Sullivan,12,1387,237,8116
5/31/2020,Sullivan,2,1389,145,8261
6/1/2020,Sullivan,3,1392,108,8369
6/2/2020,Sullivan,1,1393,155,8524
6/3/2020,Sullivan,12,1405,186,8710
6/4/2020,Sullivan,4,1409,167,8877
6/5/2020,Sullivan,2,1411,176,9053
6/6/2020,Sullivan,4,1415,177,9230
6/7/2020,Sullivan,2,1417,123,9353
6/8/2020,Sullivan,1,1418,152,9505
6/9/2020,Sullivan,7,1425,499,10004
6/10/2020,Sullivan,1,1426,272,10276
6/11/2020,Sullivan,2,1428,112,10388
6/12/2020,Sullivan,2,1430,299,10687
6/13/2020,Sullivan,0,1430,287,10974
6/14/2020,Sullivan,2,1432,76,11050
6/15/2020,Sullivan,1,1433,163,11213
6/16/2020,Sullivan,0,1433,189,11402
6/17/2020,Sullivan,1,1434,176,11578
6/18/2020,Sullivan,0,1434,206,11784
6/19/2020,Sullivan,1,1435,84,11868
6/20/2020,Sullivan,2,1437,139,12007
6/21/2020,Sullivan,1,1438,103,12110
6/22/2020,Sullivan,2,1440,262,12372
6/23/2020,Sullivan,7,1447,197,12569
6/24/2020,Sullivan,1,1448,176,12745
6/25/2020,Sullivan,1,1449,132,12877
6/26/2020,Sullivan,2,1451,142,13019
6/27/2020,Sullivan,0,1451,82,13101
6/28/2020,Sullivan,0,1451,89,13190
6/29/2020,Sullivan,0,1451,282,13472
6/30/2020,Sullivan,1,1452,205,13677
7/1/2020,Sullivan,1,1453,158,13835
7/2/2020,Sullivan,2,1455,288,14123
7/3/2020,Sullivan,1,1456,93,14216
7/4/2020,Sullivan,0,1456,129,14345
7/5/2020,Sullivan,1,1457,113,14458
7/6/2020,Sullivan,2,1459,122,14580
7/7/2020,Sullivan,1,1460,123,14703
7/8/2020,Sullivan,0,1460,138,14841
7/9/2020,Sullivan,4,1464,144,14985
7/10/2020,Sullivan,0,1464,164,15149
7/11/2020,Sullivan,1,1465,127,15276
7/12/2020,Sullivan,0,1465,70,15346
7/13/2020,Sullivan,1,1466,113,15459
7/14/2020,Sullivan,1,1467,217,15676
3/2/2020,Tioga,0,0,0,0
3/3/2020,Tioga,0,0,0,0
3/4/2020,Tioga,0,0,0,0
3/5/2020,Tioga,0,0,0,0
3/6/2020,Tioga,0,0,0,0
3/7/2020,Tioga,0,0,0,0
3/8/2020,Tioga,0,0,0,0
3/9/2020,Tioga,0,0,0,0
3/10/2020,Tioga,0,0,0,0
3/11/2020,Tioga,0,0,1,1
3/12/2020,Tioga,0,0,0,1
3/13/2020,Tioga,1,1,1,2
3/14/2020,Tioga,0,1,0,2
3/15/2020,Tioga,0,1,1,3
3/16/2020,Tioga,0,1,3,6
3/17/2020,Tioga,0,1,5,11
3/18/2020,Tioga,0,1,0,11
3/19/2020,Tioga,0,1,0,11
3/20/2020,Tioga,0,1,5,16
3/21/2020,Tioga,0,1,4,20
3/22/2020,Tioga,0,1,4,24
3/23/2020,Tioga,0,1,3,27
3/24/2020,Tioga,0,1,1,28
3/25/2020,Tioga,1,2,12,40
3/26/2020,Tioga,0,2,10,50
3/27/2020,Tioga,2,4,18,68
3/28/2020,Tioga,0,4,21,89
3/29/2020,Tioga,0,4,15,104
3/30/2020,Tioga,3,7,21,125
3/31/2020,Tioga,0,7,15,140
4/1/2020,Tioga,0,7,14,154
4/2/2020,Tioga,0,7,18,172
4/3/2020,Tioga,0,7,9,181
4/4/2020,Tioga,0,7,8,189
4/5/2020,Tioga,1,8,10,199
4/6/2020,Tioga,0,8,10,209
4/7/2020,Tioga,4,12,29,238
4/8/2020,Tioga,5,17,32,270
4/9/2020,Tioga,1,18,16,286
4/10/2020,Tioga,1,19,10,296
4/11/2020,Tioga,0,19,8,304
4/12/2020,Tioga,1,20,3,307
4/13/2020,Tioga,4,24,52,359
4/14/2020,Tioga,1,25,14,373
4/15/2020,Tioga,2,27,16,389
4/16/2020,Tioga,3,30,13,402
4/17/2020,Tioga,2,32,16,418
4/18/2020,Tioga,3,35,10,428
4/19/2020,Tioga,2,37,6,434
4/20/2020,Tioga,0,37,5,439
4/21/2020,Tioga,2,39,10,449
4/22/2020,Tioga,1,40,13,462
4/23/2020,Tioga,0,40,10,472
4/24/2020,Tioga,31,71,173,645
4/25/2020,Tioga,0,71,8,653
4/26/2020,Tioga,0,71,8,661
4/27/2020,Tioga,11,82,86,747
4/28/2020,Tioga,2,84,68,815
4/29/2020,Tioga,4,88,69,884
4/30/2020,Tioga,2,90,19,903
5/1/2020,Tioga,0,90,20,923
5/2/2020,Tioga,0,90,25,948
5/3/2020,Tioga,0,90,50,998
5/4/2020,Tioga,2,92,67,1065
5/5/2020,Tioga,4,96,76,1141
5/6/2020,Tioga,1,97,40,1181
5/7/2020,Tioga,2,99,40,1221
5/8/2020,Tioga,5,104,83,1304
5/9/2020,Tioga,1,105,31,1335
5/10/2020,Tioga,2,107,40,1375
5/11/2020,Tioga,0,107,35,1410
5/12/2020,Tioga,1,108,92,1502
5/13/2020,Tioga,0,108,59,1561
5/14/2020,Tioga,2,110,42,1603
5/15/2020,Tioga,2,112,57,1660
5/16/2020,Tioga,1,113,59,1719
5/17/2020,Tioga,0,113,82,1801
5/18/2020,Tioga,0,113,113,1914
5/19/2020,Tioga,1,114,106,2020
5/20/2020,Tioga,3,117,89,2109
5/21/2020,Tioga,1,118,105,2214
5/22/2020,Tioga,3,121,96,2310
5/23/2020,Tioga,1,122,79,2389
5/24/2020,Tioga,0,122,54,2443
5/25/2020,Tioga,0,122,45,2488
5/26/2020,Tioga,2,124,195,2683
5/27/2020,Tioga,2,126,132,2815
5/28/2020,Tioga,0,126,110,2925
5/29/2020,Tioga,2,128,141,3066
5/30/2020,Tioga,2,130,107,3173
5/31/2020,Tioga,0,130,44,3217
6/1/2020,Tioga,1,131,143,3360
6/2/2020,Tioga,2,133,123,3483
6/3/2020,Tioga,0,133,101,3584
6/4/2020,Tioga,1,134,140,3724
6/5/2020,Tioga,0,134,302,4026
6/6/2020,Tioga,0,134,146,4172
6/7/2020,Tioga,0,134,79,4251
6/8/2020,Tioga,0,134,166,4417
6/9/2020,Tioga,1,135,247,4664
6/10/2020,Tioga,0,135,159,4823
6/11/2020,Tioga,2,137,106,4929
6/12/2020,Tioga,0,137,162,5091
6/13/2020,Tioga,2,139,71,5162
6/14/2020,Tioga,0,139,71,5233
6/15/2020,Tioga,1,140,174,5407
6/16/2020,Tioga,0,140,70,5477
6/17/2020,Tioga,0,140,175,5652
6/18/2020,Tioga,0,140,123,5775
6/19/2020,Tioga,0,140,77,5852
6/20/2020,Tioga,0,140,60,5912
6/21/2020,Tioga,0,140,70,5982
6/22/2020,Tioga,1,141,186,6168
6/23/2020,Tioga,0,141,128,6296
6/24/2020,Tioga,0,141,151,6447
6/25/2020,Tioga,0,141,68,6515
6/26/2020,Tioga,1,142,131,6646
6/27/2020,Tioga,0,142,77,6723
6/28/2020,Tioga,0,142,51,6774
6/29/2020,Tioga,1,143,175,6949
6/30/2020,Tioga,0,143,107,7056
7/1/2020,Tioga,0,143,130,7186
7/2/2020,Tioga,0,143,108,7294
7/3/2020,Tioga,2,145,101,7395
7/4/2020,Tioga,1,146,101,7496
7/5/2020,Tioga,2,148,126,7622
7/6/2020,Tioga,2,150,105,7727
7/7/2020,Tioga,0,150,61,7788
7/8/2020,Tioga,1,151,110,7898
7/9/2020,Tioga,8,159,160,8058
7/10/2020,Tioga,1,160,126,8184
7/11/2020,Tioga,1,161,151,8335
7/12/2020,Tioga,0,161,83,8418
7/13/2020,Tioga,0,161,121,8539
7/14/2020,Tioga,2,163,208,8747
3/2/2020,Tompkins,0,0,0,0
3/3/2020,Tompkins,0,0,0,0
3/4/2020,Tompkins,0,0,0,0
3/5/2020,Tompkins,0,0,0,0
3/6/2020,Tompkins,0,0,0,0
3/7/2020,Tompkins,0,0,0,0
3/8/2020,Tompkins,0,0,0,0
3/9/2020,Tompkins,0,0,1,1
3/10/2020,Tompkins,0,0,0,1
3/11/2020,Tompkins,0,0,2,3
3/12/2020,Tompkins,0,0,2,5
3/13/2020,Tompkins,1,1,5,10
3/14/2020,Tompkins,0,1,1,11
3/15/2020,Tompkins,0,1,4,15
3/16/2020,Tompkins,1,2,17,32
3/17/2020,Tompkins,1,3,11,43
3/18/2020,Tompkins,3,6,18,61
3/19/2020,Tompkins,1,7,7,68
3/20/2020,Tompkins,4,11,96,164
3/21/2020,Tompkins,2,13,76,240
3/22/2020,Tompkins,2,15,115,355
3/23/2020,Tompkins,1,16,111,466
3/24/2020,Tompkins,0,16,2,468
3/25/2020,Tompkins,6,22,89,557
3/26/2020,Tompkins,4,26,109,666
3/27/2020,Tompkins,19,45,182,848
3/28/2020,Tompkins,7,52,128,976
3/29/2020,Tompkins,14,66,157,1133
3/30/2020,Tompkins,0,66,18,1151
3/31/2020,Tompkins,2,68,15,1166
4/1/2020,Tompkins,6,74,126,1292
4/2/2020,Tompkins,10,84,160,1452
4/3/2020,Tompkins,1,85,81,1533
4/4/2020,Tompkins,3,88,52,1585
4/5/2020,Tompkins,6,94,94,1679
4/6/2020,Tompkins,3,97,23,1702
4/7/2020,Tompkins,2,99,85,1787
4/8/2020,Tompkins,6,105,299,2086
4/9/2020,Tompkins,0,105,24,2110
4/10/2020,Tompkins,3,108,135,2245
4/11/2020,Tompkins,1,109,77,2322
4/12/2020,Tompkins,1,110,31,2353
4/13/2020,Tompkins,2,112,104,2457
4/14/2020,Tompkins,3,115,44,2501
4/15/2020,Tompkins,1,116,73,2574
4/16/2020,Tompkins,1,117,36,2610
4/17/2020,Tompkins,0,117,44,2654
4/18/2020,Tompkins,0,117,41,2695
4/19/2020,Tompkins,2,119,47,2742
4/20/2020,Tompkins,0,119,4,2746
4/21/2020,Tompkins,0,119,12,2758
4/22/2020,Tompkins,0,119,95,2853
4/23/2020,Tompkins,2,121,108,2961
4/24/2020,Tompkins,5,126,308,3269
4/25/2020,Tompkins,0,126,44,3313
4/26/2020,Tompkins,0,126,47,3360
4/27/2020,Tompkins,0,126,13,3373
4/28/2020,Tompkins,1,127,119,3492
4/29/2020,Tompkins,1,128,19,3511
4/30/2020,Tompkins,0,128,61,3572
5/1/2020,Tompkins,0,128,118,3690
5/2/2020,Tompkins,1,129,27,3717
5/3/2020,Tompkins,0,129,126,3843
5/4/2020,Tompkins,0,129,52,3895
5/5/2020,Tompkins,0,129,104,3999
5/6/2020,Tompkins,1,130,188,4187
5/7/2020,Tompkins,1,131,187,4374
5/8/2020,Tompkins,1,132,619,4993
5/9/2020,Tompkins,0,132,95,5088
5/10/2020,Tompkins,0,132,86,5174
5/11/2020,Tompkins,0,132,91,5265
5/12/2020,Tompkins,4,136,175,5440
5/13/2020,Tompkins,0,136,103,5543
5/14/2020,Tompkins,0,136,112,5655
5/15/2020,Tompkins,2,138,331,5986
5/16/2020,Tompkins,1,139,421,6407
5/17/2020,Tompkins,2,141,412,6819
5/18/2020,Tompkins,1,142,446,7265
5/19/2020,Tompkins,3,145,219,7484
5/20/2020,Tompkins,0,145,199,7683
5/21/2020,Tompkins,2,147,291,7974
5/22/2020,Tompkins,2,149,410,8384
5/23/2020,Tompkins,2,151,246,8630
5/24/2020,Tompkins,3,154,267,8897
5/25/2020,Tompkins,0,154,48,8945
5/26/2020,Tompkins,1,155,264,9209
5/27/2020,Tompkins,1,156,110,9319
5/28/2020,Tompkins,1,157,425,9744
5/29/2020,Tompkins,4,161,264,10008
5/30/2020,Tompkins,3,164,389,10397
5/31/2020,Tompkins,0,164,149,10546
6/1/2020,Tompkins,0,164,168,10714
6/2/2020,Tompkins,1,165,203,10917
6/3/2020,Tompkins,0,165,206,11123
6/4/2020,Tompkins,2,167,171,11294
6/5/2020,Tompkins,4,171,1067,12361
6/6/2020,Tompkins,0,171,518,12879
6/7/2020,Tompkins,0,171,148,13027
6/8/2020,Tompkins,0,171,452,13479
6/9/2020,Tompkins,0,171,333,13812
6/10/2020,Tompkins,0,171,235,14047
6/11/2020,Tompkins,1,172,191,14238
6/12/2020,Tompkins,1,173,328,14566
6/13/2020,Tompkins,0,173,72,14638
6/14/2020,Tompkins,0,173,61,14699
6/15/2020,Tompkins,0,173,378,15077
6/16/2020,Tompkins,0,173,295,15372
6/17/2020,Tompkins,0,173,210,15582
6/18/2020,Tompkins,0,173,779,16361
6/19/2020,Tompkins,1,174,395,16756
6/20/2020,Tompkins,1,175,139,16895
6/21/2020,Tompkins,0,175,239,17134
6/22/2020,Tompkins,0,175,267,17401
6/23/2020,Tompkins,0,175,237,17638
6/24/2020,Tompkins,0,175,267,17905
6/25/2020,Tompkins,0,175,170,18075
6/26/2020,Tompkins,0,175,231,18306
6/27/2020,Tompkins,1,176,328,18634
6/28/2020,Tompkins,1,177,111,18745
6/29/2020,Tompkins,0,177,200,18945
6/30/2020,Tompkins,0,177,238,19183
7/1/2020,Tompkins,1,178,309,19492
7/2/2020,Tompkins,0,178,233,19725
7/3/2020,Tompkins,0,178,270,19995
7/4/2020,Tompkins,1,179,103,20098
7/5/2020,Tompkins,0,179,179,20277
7/6/2020,Tompkins,0,179,200,20477
7/7/2020,Tompkins,1,180,408,20885
7/8/2020,Tompkins,0,180,95,20980
7/9/2020,Tompkins,1,181,340,21320
7/10/2020,Tompkins,2,183,353,21673
7/11/2020,Tompkins,3,186,482,22155
7/12/2020,Tompkins,0,186,104,22259
7/13/2020,Tompkins,0,186,354,22613
7/14/2020,Tompkins,12,198,438,23051
3/2/2020,Ulster,0,0,0,0
3/3/2020,Ulster,0,0,0,0
3/4/2020,Ulster,0,0,0,0
3/5/2020,Ulster,0,0,1,1
3/6/2020,Ulster,0,0,0,1
3/7/2020,Ulster,0,0,0,1
3/8/2020,Ulster,1,1,1,2
3/9/2020,Ulster,0,1,0,2
3/10/2020,Ulster,0,1,2,4
3/11/2020,Ulster,1,2,1,5
3/12/2020,Ulster,3,5,6,11
3/13/2020,Ulster,0,5,3,14
3/14/2020,Ulster,0,5,30,44
3/15/2020,Ulster,2,7,16,60
3/16/2020,Ulster,1,8,12,72
3/17/2020,Ulster,1,9,15,87
3/18/2020,Ulster,1,10,41,128
3/19/2020,Ulster,2,12,62,190
3/20/2020,Ulster,6,18,70,260
3/21/2020,Ulster,8,26,145,405
3/22/2020,Ulster,9,35,54,459
3/23/2020,Ulster,12,47,117,576
3/24/2020,Ulster,18,65,81,657
3/25/2020,Ulster,13,78,71,728
3/26/2020,Ulster,21,99,83,811
3/27/2020,Ulster,29,128,124,935
3/28/2020,Ulster,18,146,82,1017
3/29/2020,Ulster,44,190,194,1211
3/30/2020,Ulster,21,211,123,1334
3/31/2020,Ulster,10,221,51,1385
4/1/2020,Ulster,19,240,118,1503
4/2/2020,Ulster,23,263,125,1628
4/3/2020,Ulster,27,290,141,1769
4/4/2020,Ulster,42,332,188,1957
4/5/2020,Ulster,40,372,182,2139
4/6/2020,Ulster,26,398,117,2256
4/7/2020,Ulster,24,422,108,2364
4/8/2020,Ulster,38,460,227,2591
4/9/2020,Ulster,70,530,436,3027
4/10/2020,Ulster,59,589,358,3385
4/11/2020,Ulster,23,612,239,3624
4/12/2020,Ulster,18,630,242,3866
4/13/2020,Ulster,60,690,424,4290
4/14/2020,Ulster,43,733,259,4549
4/15/2020,Ulster,28,761,189,4738
4/16/2020,Ulster,27,788,142,4880
4/17/2020,Ulster,32,820,239,5119
4/18/2020,Ulster,34,854,170,5289
4/19/2020,Ulster,23,877,167,5456
4/20/2020,Ulster,16,893,85,5541
4/21/2020,Ulster,20,913,110,5651
4/22/2020,Ulster,29,942,152,5803
4/23/2020,Ulster,34,976,208,6011
4/24/2020,Ulster,190,1166,928,6939
4/25/2020,Ulster,24,1190,207,7146
4/26/2020,Ulster,29,1219,198,7344
4/27/2020,Ulster,11,1230,94,7438
4/28/2020,Ulster,22,1252,335,7773
4/29/2020,Ulster,27,1279,309,8082
4/30/2020,Ulster,19,1298,336,8418
5/1/2020,Ulster,29,1327,362,8780
5/2/2020,Ulster,14,1341,256,9036
5/3/2020,Ulster,13,1354,198,9234
5/4/2020,Ulster,3,1357,104,9338
5/5/2020,Ulster,26,1383,272,9610
5/6/2020,Ulster,33,1416,298,9908
5/7/2020,Ulster,13,1429,276,10184
5/8/2020,Ulster,11,1440,195,10379
5/9/2020,Ulster,10,1450,210,10589
5/10/2020,Ulster,4,1454,135,10724
5/11/2020,Ulster,11,1465,96,10820
5/12/2020,Ulster,16,1481,314,11134
5/13/2020,Ulster,14,1495,536,11670
5/14/2020,Ulster,16,1511,431,12101
5/15/2020,Ulster,26,1537,398,12499
5/16/2020,Ulster,15,1552,345,12844
5/17/2020,Ulster,5,1557,227,13071
5/18/2020,Ulster,8,1565,177,13248
5/19/2020,Ulster,6,1571,284,13532
5/20/2020,Ulster,13,1584,799,14331
5/21/2020,Ulster,11,1595,552,14883
5/22/2020,Ulster,11,1606,418,15301
5/23/2020,Ulster,11,1617,470,15771
5/24/2020,Ulster,15,1632,590,16361
5/25/2020,Ulster,6,1638,162,16523
5/26/2020,Ulster,7,1645,355,16878
5/27/2020,Ulster,13,1658,556,17434
5/28/2020,Ulster,5,1663,683,18117
5/29/2020,Ulster,15,1678,746,18863
5/30/2020,Ulster,7,1685,529,19392
5/31/2020,Ulster,6,1691,538,19930
6/1/2020,Ulster,5,1696,327,20257
6/2/2020,Ulster,5,1701,504,20761
6/3/2020,Ulster,3,1704,617,21378
6/4/2020,Ulster,7,1711,1121,22499
6/5/2020,Ulster,3,1714,776,23275
6/6/2020,Ulster,4,1718,600,23875
6/7/2020,Ulster,3,1721,644,24519
6/8/2020,Ulster,3,1724,403,24922
6/9/2020,Ulster,2,1726,402,25324
6/10/2020,Ulster,3,1729,609,25933
6/11/2020,Ulster,5,1734,731,26664
6/12/2020,Ulster,5,1739,666,27330
6/13/2020,Ulster,2,1741,506,27836
6/14/2020,Ulster,0,1741,502,28338
6/15/2020,Ulster,1,1742,546,28884
6/16/2020,Ulster,2,1744,578,29462
6/17/2020,Ulster,2,1746,740,30202
6/18/2020,Ulster,3,1749,820,31022
6/19/2020,Ulster,1,1750,560,31582
6/20/2020,Ulster,4,1754,706,32288
6/21/2020,Ulster,2,1756,583,32871
6/22/2020,Ulster,1,1757,312,33183
6/23/2020,Ulster,3,1760,262,33445
6/24/2020,Ulster,5,1765,762,34207
6/25/2020,Ulster,3,1768,715,34922
6/26/2020,Ulster,5,1773,902,35824
6/27/2020,Ulster,5,1778,541,36365
6/28/2020,Ulster,0,1778,359,36724
6/29/2020,Ulster,3,1781,367,37091
6/30/2020,Ulster,1,1782,617,37708
7/1/2020,Ulster,8,1790,581,38289
7/2/2020,Ulster,25,1815,768,39057
7/3/2020,Ulster,10,1825,564,39621
7/4/2020,Ulster,9,1834,698,40319
7/5/2020,Ulster,6,1840,507,40826
7/6/2020,Ulster,3,1843,472,41298
7/7/2020,Ulster,2,1845,371,41669
7/8/2020,Ulster,6,1851,690,42359
7/9/2020,Ulster,2,1853,659,43018
7/10/2020,Ulster,2,1855,636,43654
7/11/2020,Ulster,4,1859,430,44084
7/12/2020,Ulster,3,1862,447,44531
7/13/2020,Ulster,10,1872,525,45056
7/14/2020,Ulster,16,1888,823,45879
3/2/2020,Warren,0,0,0,0
3/3/2020,Warren,0,0,0,0
3/4/2020,Warren,0,0,0,0
3/5/2020,Warren,0,0,0,0
3/6/2020,Warren,0,0,0,0
3/7/2020,Warren,0,0,1,1
3/8/2020,Warren,0,0,0,1
3/9/2020,Warren,0,0,0,1
3/10/2020,Warren,0,0,2,3
3/11/2020,Warren,0,0,1,4
3/12/2020,Warren,0,0,0,4
3/13/2020,Warren,0,0,2,6
3/14/2020,Warren,0,0,13,19
3/15/2020,Warren,0,0,12,31
3/16/2020,Warren,0,0,14,45
3/17/2020,Warren,1,1,16,61
3/18/2020,Warren,0,1,8,69
3/19/2020,Warren,0,1,17,86
3/20/2020,Warren,0,1,31,117
3/21/2020,Warren,0,1,28,145
3/22/2020,Warren,1,2,81,226
3/23/2020,Warren,0,2,8,234
3/24/2020,Warren,0,2,52,286
3/25/2020,Warren,0,2,16,302
3/26/2020,Warren,6,8,54,356
3/27/2020,Warren,5,13,59,415
3/28/2020,Warren,5,18,38,453
3/29/2020,Warren,0,18,3,456
3/30/2020,Warren,0,18,6,462
3/31/2020,Warren,0,18,7,469
4/1/2020,Warren,0,18,9,478
4/2/2020,Warren,1,19,11,489
4/3/2020,Warren,1,20,7,496
4/4/2020,Warren,5,25,13,509
4/5/2020,Warren,1,26,12,521
4/6/2020,Warren,5,31,15,536
4/7/2020,Warren,2,33,14,550
4/8/2020,Warren,7,40,31,581
4/9/2020,Warren,3,43,21,602
4/10/2020,Warren,1,44,17,619
4/11/2020,Warren,2,46,20,639
4/12/2020,Warren,2,48,18,657
4/13/2020,Warren,29,77,67,724
4/14/2020,Warren,0,77,7,731
4/15/2020,Warren,4,81,35,766
4/16/2020,Warren,10,91,41,807
4/17/2020,Warren,3,94,38,845
4/18/2020,Warren,2,96,27,872
4/19/2020,Warren,5,101,20,892
4/20/2020,Warren,1,102,13,905
4/21/2020,Warren,6,108,33,938
4/22/2020,Warren,11,119,40,978
4/23/2020,Warren,3,122,38,1016
4/24/2020,Warren,10,132,94,1110
4/25/2020,Warren,3,135,61,1171
4/26/2020,Warren,12,147,60,1231
4/27/2020,Warren,3,150,25,1256
4/28/2020,Warren,2,152,12,1268
4/29/2020,Warren,24,176,105,1373
4/30/2020,Warren,6,182,94,1467
5/1/2020,Warren,3,185,66,1533
5/2/2020,Warren,3,188,43,1576
5/3/2020,Warren,4,192,53,1629
5/4/2020,Warren,0,192,34,1663
5/5/2020,Warren,1,193,22,1685
5/6/2020,Warren,0,193,44,1729
5/7/2020,Warren,6,199,72,1801
5/8/2020,Warren,3,202,97,1898
5/9/2020,Warren,5,207,149,2047
5/10/2020,Warren,10,217,90,2137
5/11/2020,Warren,4,221,40,2177
5/12/2020,Warren,2,223,127,2304
5/13/2020,Warren,4,227,192,2496
5/14/2020,Warren,1,228,137,2633
5/15/2020,Warren,0,228,116,2749
5/16/2020,Warren,4,232,205,2954
5/17/2020,Warren,2,234,130,3084
5/18/2020,Warren,1,235,52,3136
5/19/2020,Warren,0,235,102,3238
5/20/2020,Warren,6,241,213,3451
5/21/2020,Warren,5,246,234,3685
5/22/2020,Warren,3,249,114,3799
5/23/2020,Warren,1,250,159,3958
5/24/2020,Warren,1,251,65,4023
5/25/2020,Warren,0,251,56,4079
5/26/2020,Warren,1,252,111,4190
5/27/2020,Warren,1,253,116,4306
5/28/2020,Warren,1,254,205,4511
5/29/2020,Warren,1,255,235,4746
5/30/2020,Warren,0,255,255,5001
5/31/2020,Warren,0,255,112,5113
6/1/2020,Warren,0,255,139,5252
6/2/2020,Warren,1,256,156,5408
6/3/2020,Warren,0,256,344,5752
6/4/2020,Warren,0,256,235,5987
6/5/2020,Warren,1,257,137,6124
6/6/2020,Warren,0,257,256,6380
6/7/2020,Warren,0,257,204,6584
6/8/2020,Warren,0,257,12,6596
6/9/2020,Warren,0,257,189,6785
6/10/2020,Warren,0,257,234,7019
6/11/2020,Warren,0,257,344,7363
6/12/2020,Warren,0,257,135,7498
6/13/2020,Warren,0,257,86,7584
6/14/2020,Warren,0,257,195,7779
6/15/2020,Warren,0,257,62,7841
6/16/2020,Warren,0,257,177,8018
6/17/2020,Warren,1,258,225,8243
6/18/2020,Warren,3,261,193,8436
6/19/2020,Warren,0,261,175,8611
6/20/2020,Warren,0,261,155,8766
6/21/2020,Warren,1,262,141,8907
6/22/2020,Warren,0,262,62,8969
6/23/2020,Warren,0,262,177,9146
6/24/2020,Warren,1,263,138,9284
6/25/2020,Warren,0,263,101,9385
6/26/2020,Warren,0,263,210,9595
6/27/2020,Warren,0,263,153,9748
6/28/2020,Warren,0,263,144,9892
6/29/2020,Warren,0,263,51,9943
6/30/2020,Warren,0,263,137,10080
7/1/2020,Warren,1,264,174,10254
7/2/2020,Warren,2,266,117,10371
7/3/2020,Warren,2,268,134,10505
7/4/2020,Warren,1,269,131,10636
7/5/2020,Warren,3,272,164,10800
7/6/2020,Warren,1,273,62,10862
7/7/2020,Warren,0,273,193,11055
7/8/2020,Warren,0,273,133,11188
7/9/2020,Warren,1,274,247,11435
7/10/2020,Warren,0,274,157,11592
7/11/2020,Warren,3,277,264,11856
7/12/2020,Warren,3,280,219,12075
7/13/2020,Warren,0,280,77,12152
7/14/2020,Warren,4,284,194,12346
3/2/2020,Washington,0,0,0,0
3/3/2020,Washington,0,0,0,0
3/4/2020,Washington,0,0,0,0
3/5/2020,Washington,0,0,0,0
3/6/2020,Washington,0,0,0,0
3/7/2020,Washington,0,0,0,0
3/8/2020,Washington,0,0,2,2
3/9/2020,Washington,0,0,0,2
3/10/2020,Washington,0,0,1,3
3/11/2020,Washington,0,0,4,7
3/12/2020,Washington,0,0,0,7
3/13/2020,Washington,0,0,1,8
3/14/2020,Washington,0,0,1,9
3/15/2020,Washington,0,0,5,14
3/16/2020,Washington,0,0,4,18
3/17/2020,Washington,1,1,9,27
3/18/2020,Washington,0,1,5,32
3/19/2020,Washington,0,1,8,40
3/20/2020,Washington,0,1,10,50
3/21/2020,Washington,0,1,18,68
3/22/2020,Washington,2,3,52,120
3/23/2020,Washington,0,3,7,127
3/24/2020,Washington,1,4,25,152
3/25/2020,Washington,0,4,18,170
3/26/2020,Washington,2,6,19,189
3/27/2020,Washington,0,6,40,229
3/28/2020,Washington,1,7,20,249
3/29/2020,Washington,0,7,10,259
3/30/2020,Washington,3,10,7,266
3/31/2020,Washington,0,10,5,271
4/1/2020,Washington,2,12,9,280
4/2/2020,Washington,3,15,13,293
4/3/2020,Washington,1,16,9,302
4/4/2020,Washington,2,18,15,317
4/5/2020,Washington,1,19,2,319
4/6/2020,Washington,0,19,13,332
4/7/2020,Washington,1,20,27,359
4/8/2020,Washington,5,25,24,383
4/9/2020,Washington,1,26,14,397
4/10/2020,Washington,5,31,16,413
4/11/2020,Washington,3,34,18,431
4/12/2020,Washington,3,37,15,446
4/13/2020,Washington,3,40,36,482
4/14/2020,Washington,2,42,8,490
4/15/2020,Washington,4,46,24,514
4/16/2020,Washington,2,48,19,533
4/17/2020,Washington,4,52,25,558
4/18/2020,Washington,11,63,35,593
4/19/2020,Washington,2,65,9,602
4/20/2020,Washington,3,68,12,614
4/21/2020,Washington,5,73,17,631
4/22/2020,Washington,7,80,36,667
4/23/2020,Washington,3,83,26,693
4/24/2020,Washington,30,113,134,827
4/25/2020,Washington,14,127,51,878
4/26/2020,Washington,3,130,37,915
4/27/2020,Washington,1,131,13,928
4/28/2020,Washington,3,134,19,947
4/29/2020,Washington,14,148,58,1005
4/30/2020,Washington,22,170,88,1093
5/1/2020,Washington,14,184,63,1156
5/2/2020,Washington,2,186,63,1219
5/3/2020,Washington,2,188,31,1250
5/4/2020,Washington,0,188,22,1272
5/5/2020,Washington,1,189,25,1297
5/6/2020,Washington,1,190,20,1317
5/7/2020,Washington,11,201,106,1423
5/8/2020,Washington,3,204,86,1509
5/9/2020,Washington,2,206,60,1569
5/10/2020,Washington,4,210,39,1608
5/11/2020,Washington,0,210,24,1632
5/12/2020,Washington,4,214,66,1698
5/13/2020,Washington,1,215,77,1775
5/14/2020,Washington,2,217,65,1840
5/15/2020,Washington,1,218,75,1915
5/16/2020,Washington,1,219,70,1985
5/17/2020,Washington,0,219,47,2032
5/18/2020,Washington,1,220,41,2073
5/19/2020,Washington,1,221,66,2139
5/20/2020,Washington,1,222,87,2226
5/21/2020,Washington,2,224,100,2326
5/22/2020,Washington,1,225,70,2396
5/23/2020,Washington,1,226,213,2609
5/24/2020,Washington,2,228,51,2660
5/25/2020,Washington,0,228,106,2766
5/26/2020,Washington,0,228,107,2873
5/27/2020,Washington,3,231,293,3166
5/28/2020,Washington,1,232,340,3506
5/29/2020,Washington,3,235,240,3746
5/30/2020,Washington,0,235,222,3968
5/31/2020,Washington,0,235,99,4067
6/1/2020,Washington,2,237,81,4148
6/2/2020,Washington,1,238,270,4418
6/3/2020,Washington,0,238,354,4772
6/4/2020,Washington,2,240,158,4930
6/5/2020,Washington,0,240,254,5184
6/6/2020,Washington,0,240,243,5427
6/7/2020,Washington,0,240,211,5638
6/8/2020,Washington,0,240,32,5670
6/9/2020,Washington,0,240,260,5930
6/10/2020,Washington,1,241,230,6160
6/11/2020,Washington,1,242,368,6528
6/12/2020,Washington,0,242,238,6766
6/13/2020,Washington,1,243,99,6865
6/14/2020,Washington,0,243,185,7050
6/15/2020,Washington,0,243,67,7117
6/16/2020,Washington,0,243,164,7281
6/17/2020,Washington,0,243,171,7452
6/18/2020,Washington,0,243,148,7600
6/19/2020,Washington,1,244,206,7806
6/20/2020,Washington,0,244,121,7927
6/21/2020,Washington,0,244,118,8045
6/22/2020,Washington,0,244,35,8080
6/23/2020,Washington,0,244,239,8319
6/24/2020,Washington,1,245,185,8504
6/25/2020,Washington,0,245,109,8613
6/26/2020,Washington,0,245,213,8826
6/27/2020,Washington,1,246,193,9019
6/28/2020,Washington,0,246,157,9176
6/29/2020,Washington,0,246,50,9226
6/30/2020,Washington,0,246,172,9398
7/1/2020,Washington,0,246,156,9554
7/2/2020,Washington,0,246,86,9640
7/3/2020,Washington,0,246,192,9832
7/4/2020,Washington,0,246,79,9911
7/5/2020,Washington,1,247,206,10117
7/6/2020,Washington,0,247,55,10172
7/7/2020,Washington,0,247,196,10368
7/8/2020,Washington,1,248,160,10528
7/9/2020,Washington,1,249,242,10770
7/10/2020,Washington,0,249,176,10946
7/11/2020,Washington,0,249,153,11099
7/12/2020,Washington,0,249,148,11247
7/13/2020,Washington,1,250,111,11358
7/14/2020,Washington,0,250,178,11536
3/2/2020,Wayne,0,0,0,0
3/3/2020,Wayne,0,0,0,0
3/4/2020,Wayne,0,0,0,0
3/5/2020,Wayne,0,0,0,0
3/6/2020,Wayne,0,0,0,0
3/7/2020,Wayne,0,0,0,0
3/8/2020,Wayne,0,0,0,0
3/9/2020,Wayne,0,0,0,0
3/10/2020,Wayne,0,0,0,0
3/11/2020,Wayne,0,0,0,0
3/12/2020,Wayne,0,0,0,0
3/13/2020,Wayne,0,0,2,2
3/14/2020,Wayne,0,0,1,3
3/15/2020,Wayne,0,0,3,6
3/16/2020,Wayne,0,0,3,9
3/17/2020,Wayne,0,0,10,19
3/18/2020,Wayne,1,1,15,34
3/19/2020,Wayne,0,1,21,55
3/20/2020,Wayne,2,3,13,68
3/21/2020,Wayne,0,3,9,77
3/22/2020,Wayne,3,6,14,91
3/23/2020,Wayne,0,6,17,108
3/24/2020,Wayne,1,7,15,123
3/25/2020,Wayne,1,8,37,160
3/26/2020,Wayne,3,11,27,187
3/27/2020,Wayne,1,12,32,219
3/28/2020,Wayne,0,12,13,232
3/29/2020,Wayne,3,15,24,256
3/30/2020,Wayne,4,19,28,284
3/31/2020,Wayne,5,24,33,317
4/1/2020,Wayne,3,27,28,345
4/2/2020,Wayne,3,30,28,373
4/3/2020,Wayne,0,30,35,408
4/4/2020,Wayne,2,32,24,432
4/5/2020,Wayne,2,34,15,447
4/6/2020,Wayne,1,35,31,478
4/7/2020,Wayne,4,39,46,524
4/8/2020,Wayne,0,39,34,558
4/9/2020,Wayne,2,41,34,592
4/10/2020,Wayne,1,42,17,609
4/11/2020,Wayne,0,42,7,616
4/12/2020,Wayne,0,42,8,624
4/13/2020,Wayne,6,48,39,663
4/14/2020,Wayne,0,48,20,683
4/15/2020,Wayne,1,49,12,695
4/16/2020,Wayne,0,49,7,702
4/17/2020,Wayne,0,49,7,709
4/18/2020,Wayne,1,50,6,715
4/19/2020,Wayne,0,50,2,717
4/20/2020,Wayne,1,51,8,725
4/21/2020,Wayne,1,52,16,741
4/22/2020,Wayne,1,53,13,754
4/23/2020,Wayne,0,53,12,766
4/24/2020,Wayne,12,65,257,1023
4/25/2020,Wayne,0,65,36,1059
4/26/2020,Wayne,4,69,28,1087
4/27/2020,Wayne,1,70,53,1140
4/28/2020,Wayne,0,70,45,1185
4/29/2020,Wayne,1,71,54,1239
4/30/2020,Wayne,0,71,56,1295
5/1/2020,Wayne,2,73,43,1338
5/2/2020,Wayne,2,75,86,1424
5/3/2020,Wayne,1,76,88,1512
5/4/2020,Wayne,2,78,66,1578
5/5/2020,Wayne,0,78,93,1671
5/6/2020,Wayne,0,78,93,1764
5/7/2020,Wayne,1,79,95,1859
5/8/2020,Wayne,0,79,63,1922
5/9/2020,Wayne,1,80,101,2023
5/10/2020,Wayne,1,81,72,2095
5/11/2020,Wayne,2,83,64,2159
5/12/2020,Wayne,1,84,168,2327
5/13/2020,Wayne,5,89,120,2447
5/14/2020,Wayne,2,91,110,2557
5/15/2020,Wayne,1,92,86,2643
5/16/2020,Wayne,4,96,118,2761
5/17/2020,Wayne,1,97,114,2875
5/18/2020,Wayne,1,98,128,3003
5/19/2020,Wayne,5,103,187,3190
5/20/2020,Wayne,0,103,155,3345
5/21/2020,Wayne,1,104,104,3449
5/22/2020,Wayne,3,107,163,3612
5/23/2020,Wayne,1,108,107,3719
5/24/2020,Wayne,1,109,106,3825
5/25/2020,Wayne,1,110,170,3995
5/26/2020,Wayne,0,110,339,4334
5/27/2020,Wayne,2,112,303,4637
5/28/2020,Wayne,1,113,290,4927
5/29/2020,Wayne,0,113,299,5226
5/30/2020,Wayne,2,115,284,5510
5/31/2020,Wayne,1,116,228,5738
6/1/2020,Wayne,0,116,216,5954
6/2/2020,Wayne,4,120,396,6350
6/3/2020,Wayne,1,121,468,6818
6/4/2020,Wayne,1,122,323,7141
6/5/2020,Wayne,1,123,409,7550
6/6/2020,Wayne,1,124,362,7912
6/7/2020,Wayne,1,125,322,8234
6/8/2020,Wayne,1,126,362,8596
6/9/2020,Wayne,0,126,388,8984
6/10/2020,Wayne,1,127,509,9493
6/11/2020,Wayne,2,129,460,9953
6/12/2020,Wayne,2,131,348,10301
6/13/2020,Wayne,2,133,363,10664
6/14/2020,Wayne,0,133,160,10824
6/15/2020,Wayne,1,134,456,11280
6/16/2020,Wayne,3,137,298,11578
6/17/2020,Wayne,2,139,184,11762
6/18/2020,Wayne,2,141,224,11986
6/19/2020,Wayne,2,143,280,12266
6/20/2020,Wayne,0,143,249,12515
6/21/2020,Wayne,0,143,239,12754
6/22/2020,Wayne,2,145,297,13051
6/23/2020,Wayne,5,150,305,13356
6/24/2020,Wayne,4,154,227,13583
6/25/2020,Wayne,5,159,171,13754
6/26/2020,Wayne,2,161,280,14034
6/27/2020,Wayne,1,162,246,14280
6/28/2020,Wayne,3,165,276,14556
6/29/2020,Wayne,5,170,334,14890
6/30/2020,Wayne,4,174,230,15120
7/1/2020,Wayne,2,176,298,15418
7/2/2020,Wayne,5,181,234,15652
7/3/2020,Wayne,2,183,269,15921
7/4/2020,Wayne,2,185,357,16278
7/5/2020,Wayne,1,186,259,16537
7/6/2020,Wayne,5,191,466,17003
7/7/2020,Wayne,2,193,270,17273
7/8/2020,Wayne,2,195,352,17625
7/9/2020,Wayne,6,201,354,17979
7/10/2020,Wayne,2,203,233,18212
7/11/2020,Wayne,2,205,325,18537
7/12/2020,Wayne,4,209,290,18827
7/13/2020,Wayne,5,214,285,19112
7/14/2020,Wayne,7,221,268,19380
3/2/2020,Westchester,1,1,1,1
3/3/2020,Westchester,0,1,1,2
3/4/2020,Westchester,0,1,0,2
3/5/2020,Westchester,19,20,42,44
3/6/2020,Westchester,0,20,9,53
3/7/2020,Westchester,22,42,110,163
3/8/2020,Westchester,18,60,207,370
3/9/2020,Westchester,42,102,222,592
3/10/2020,Westchester,9,111,177,769
3/11/2020,Westchester,21,132,183,952
3/12/2020,Westchester,19,151,108,1060
3/13/2020,Westchester,20,171,209,1269
3/14/2020,Westchester,11,182,220,1489
3/15/2020,Westchester,41,223,372,1861
3/16/2020,Westchester,157,380,1219,3080
3/17/2020,Westchester,158,538,1026,4106
3/18/2020,Westchester,261,799,1588,5694
3/19/2020,Westchester,292,1091,1483,7177
3/20/2020,Westchester,296,1387,1459,8636
3/21/2020,Westchester,486,1873,2011,10647
3/22/2020,Westchester,1021,2894,4037,14684
3/23/2020,Westchester,997,3891,3282,17966
3/24/2020,Westchester,800,4691,2371,20337
3/25/2020,Westchester,1253,5944,5951,26288
3/26/2020,Westchester,1243,7187,3227,29515
3/27/2020,Westchester,688,7875,1588,31103
3/28/2020,Westchester,644,8519,1410,32513
3/29/2020,Westchester,807,9326,1595,34108
3/30/2020,Westchester,641,9967,1515,35623
3/31/2020,Westchester,716,10683,1567,37190
4/1/2020,Westchester,884,11567,1891,39081
4/2/2020,Westchester,784,12351,1632,40713
4/3/2020,Westchester,730,13081,1621,42334
4/4/2020,Westchester,642,13723,1621,43955
4/5/2020,Westchester,571,14294,1398,45353
4/6/2020,Westchester,510,14804,1348,46701
4/7/2020,Westchester,1083,15887,2647,49348
4/8/2020,Westchester,1117,17004,2889,52237
4/9/2020,Westchester,1073,18077,2911,55148
4/10/2020,Westchester,652,18729,1679,56827
4/11/2020,Westchester,584,19313,1472,58299
4/12/2020,Westchester,473,19786,1163,59462
4/13/2020,Westchester,405,20191,1145,60607
4/14/2020,Westchester,756,20947,2019,62626
4/15/2020,Westchester,881,21828,2642,65268
4/16/2020,Westchester,648,22476,2042,67310
4/17/2020,Westchester,703,23179,2298,69608
4/18/2020,Westchester,624,23803,2133,71741
4/19/2020,Westchester,503,24306,1599,73340
4/20/2020,Westchester,350,24656,1208,74548
4/21/2020,Westchester,620,25276,2016,76564
4/22/2020,Westchester,683,25959,2317,78881
4/23/2020,Westchester,674,26633,2672,81553
4/24/2020,Westchester,598,27231,2468,84021
4/25/2020,Westchester,433,27664,1951,85972
4/26/2020,Westchester,343,28007,1764,87736
4/27/2020,Westchester,238,28245,1408,89144
4/28/2020,Westchester,381,28626,1843,90987
4/29/2020,Westchester,344,28970,1842,92829
4/30/2020,Westchester,262,29232,1613,94442
5/1/2020,Westchester,394,29626,2359,96801
5/2/2020,Westchester,258,29884,1809,98610
5/3/2020,Westchester,213,30097,1662,100272
5/4/2020,Westchester,143,30240,1225,101497
5/5/2020,Westchester,186,30426,1434,102931
5/6/2020,Westchester,282,30708,2311,105242
5/7/2020,Westchester,197,30905,2224,107466
5/8/2020,Westchester,182,31087,1936,109402
5/9/2020,Westchester,207,31294,1940,111342
5/10/2020,Westchester,90,31384,1321,112663
5/11/2020,Westchester,88,31472,984,113647
5/12/2020,Westchester,139,31611,1925,115572
5/13/2020,Westchester,181,31792,2450,118022
5/14/2020,Westchester,151,31943,2024,120046
5/15/2020,Westchester,154,32097,2059,122105
5/16/2020,Westchester,127,32224,1940,124045
5/17/2020,Westchester,99,32323,1326,125371
5/18/2020,Westchester,79,32402,1125,126496
5/19/2020,Westchester,115,32517,1867,128363
5/20/2020,Westchester,156,32673,2671,131034
5/21/2020,Westchester,94,32767,2350,133384
5/22/2020,Westchester,114,32881,3234,136618
5/23/2020,Westchester,87,32968,2542,139160
5/24/2020,Westchester,81,33049,2323,141483
5/25/2020,Westchester,58,33107,1695,143178
5/26/2020,Westchester,79,33186,2207,145385
5/27/2020,Westchester,107,33293,3266,148651
5/28/2020,Westchester,56,33349,3203,151854
5/29/2020,Westchester,80,33429,3388,155242
5/30/2020,Westchester,52,33481,3290,158532
5/31/2020,Westchester,71,33552,3376,161908
6/1/2020,Westchester,81,33633,3183,165091
6/2/2020,Westchester,58,33691,3253,168344
6/3/2020,Westchester,76,33767,3524,171868
6/4/2020,Westchester,87,33854,4216,176084
6/5/2020,Westchester,70,33924,3979,180063
6/6/2020,Westchester,30,33954,3162,183225
6/7/2020,Westchester,46,34000,3336,186561
6/8/2020,Westchester,35,34035,2577,189138
6/9/2020,Westchester,41,34076,3304,192442
6/10/2020,Westchester,30,34106,3494,195936
6/11/2020,Westchester,69,34175,4954,200890
6/12/2020,Westchester,78,34253,5099,205989
6/13/2020,Westchester,37,34290,3399,209388
6/14/2020,Westchester,37,34327,3594,212982
6/15/2020,Westchester,31,34358,3204,216186
6/16/2020,Westchester,27,34385,3189,219375
6/17/2020,Westchester,24,34409,3998,223373
6/18/2020,Westchester,46,34455,4521,227894
6/19/2020,Westchester,31,34486,3624,231518
6/20/2020,Westchester,35,34521,3879,235397
6/21/2020,Westchester,36,34557,3794,239191
6/22/2020,Westchester,24,34581,2844,242035
6/23/2020,Westchester,16,34597,2320,244355
6/24/2020,Westchester,45,34642,4611,248966
6/25/2020,Westchester,58,34700,4127,253093
6/26/2020,Westchester,48,34748,4520,257613
6/27/2020,Westchester,32,34780,3087,260700
6/28/2020,Westchester,18,34798,2560,263260
6/29/2020,Westchester,40,34838,3702,266962
6/30/2020,Westchester,28,34866,3730,270692
7/1/2020,Westchester,46,34912,4469,275161
7/2/2020,Westchester,68,34980,4827,279988
7/3/2020,Westchester,40,35020,3437,283425
7/4/2020,Westchester,23,35043,4519,287944
7/5/2020,Westchester,41,35084,3639,291583
7/6/2020,Westchester,22,35106,3586,295169
7/7/2020,Westchester,48,35154,3387,298556
7/8/2020,Westchester,29,35183,4843,303399
7/9/2020,Westchester,43,35226,5182,308581
7/10/2020,Westchester,34,35260,4293,312874
7/11/2020,Westchester,37,35297,3958,316832
7/12/2020,Westchester,30,35327,3238,320070
7/13/2020,Westchester,39,35366,3851,323921
7/14/2020,Westchester,28,35394,3598,327519
3/2/2020,Wyoming,0,0,0,0
3/3/2020,Wyoming,0,0,0,0
3/4/2020,Wyoming,0,0,0,0
3/5/2020,Wyoming,0,0,0,0
3/6/2020,Wyoming,0,0,0,0
3/7/2020,Wyoming,0,0,0,0
3/8/2020,Wyoming,0,0,0,0
3/9/2020,Wyoming,0,0,0,0
3/10/2020,Wyoming,0,0,0,0
3/11/2020,Wyoming,0,0,0,0
3/12/2020,Wyoming,0,0,0,0
3/13/2020,Wyoming,0,0,0,0
3/14/2020,Wyoming,0,0,0,0
3/15/2020,Wyoming,1,1,3,3
3/16/2020,Wyoming,0,1,0,3
3/17/2020,Wyoming,0,1,2,5
3/18/2020,Wyoming,1,2,6,11
3/19/2020,Wyoming,0,2,3,14
3/20/2020,Wyoming,0,2,0,14
3/21/2020,Wyoming,0,2,4,18
3/22/2020,Wyoming,2,4,11,29
3/23/2020,Wyoming,0,4,8,37
3/24/2020,Wyoming,0,4,7,44
3/25/2020,Wyoming,3,7,9,53
3/26/2020,Wyoming,0,7,14,67
3/27/2020,Wyoming,0,7,15,82
3/28/2020,Wyoming,1,8,13,95
3/29/2020,Wyoming,0,8,7,102
3/30/2020,Wyoming,1,9,13,115
3/31/2020,Wyoming,1,10,10,125
4/1/2020,Wyoming,4,14,12,137
4/2/2020,Wyoming,1,15,11,148
4/3/2020,Wyoming,3,18,11,159
4/4/2020,Wyoming,4,22,16,175
4/5/2020,Wyoming,1,23,6,181
4/6/2020,Wyoming,0,23,7,188
4/7/2020,Wyoming,4,27,18,206
4/8/2020,Wyoming,2,29,12,218
4/9/2020,Wyoming,1,30,13,231
4/10/2020,Wyoming,1,31,12,243
4/11/2020,Wyoming,0,31,2,245
4/12/2020,Wyoming,0,31,2,247
4/13/2020,Wyoming,1,32,21,268
4/14/2020,Wyoming,2,34,9,277
4/15/2020,Wyoming,0,34,8,285
4/16/2020,Wyoming,1,35,11,296
4/17/2020,Wyoming,1,36,6,302
4/18/2020,Wyoming,0,36,6,308
4/19/2020,Wyoming,0,36,4,312
4/20/2020,Wyoming,0,36,6,318
4/21/2020,Wyoming,4,40,14,332
4/22/2020,Wyoming,1,41,15,347
4/23/2020,Wyoming,2,43,18,365
4/24/2020,Wyoming,14,57,117,482
4/25/2020,Wyoming,2,59,19,501
4/26/2020,Wyoming,4,63,15,516
4/27/2020,Wyoming,0,63,9,525
4/28/2020,Wyoming,2,65,26,551
4/29/2020,Wyoming,2,67,17,568
4/30/2020,Wyoming,1,68,16,584
5/1/2020,Wyoming,1,69,32,616
5/2/2020,Wyoming,0,69,15,631
5/3/2020,Wyoming,0,69,16,647
5/4/2020,Wyoming,1,70,24,671
5/5/2020,Wyoming,0,70,42,713
5/6/2020,Wyoming,1,71,22,735
5/7/2020,Wyoming,2,73,130,865
5/8/2020,Wyoming,2,75,187,1052
5/9/2020,Wyoming,2,77,26,1078
5/10/2020,Wyoming,0,77,39,1117
5/11/2020,Wyoming,0,77,24,1141
5/12/2020,Wyoming,0,77,63,1204
5/13/2020,Wyoming,0,77,41,1245
5/14/2020,Wyoming,0,77,106,1351
5/15/2020,Wyoming,1,78,28,1379
5/16/2020,Wyoming,0,78,43,1422
5/17/2020,Wyoming,1,79,56,1478
5/18/2020,Wyoming,0,79,27,1505
5/19/2020,Wyoming,0,79,60,1565
5/20/2020,Wyoming,0,79,64,1629
5/21/2020,Wyoming,0,79,46,1675
5/22/2020,Wyoming,1,80,150,1825
5/23/2020,Wyoming,1,81,113,1938
5/24/2020,Wyoming,1,82,42,1980
5/25/2020,Wyoming,0,82,29,2009
5/26/2020,Wyoming,0,82,42,2051
5/27/2020,Wyoming,0,82,77,2128
5/28/2020,Wyoming,0,82,66,2194
5/29/2020,Wyoming,2,84,90,2284
5/30/2020,Wyoming,2,86,45,2329
5/31/2020,Wyoming,0,86,85,2414
6/1/2020,Wyoming,0,86,229,2643
6/2/2020,Wyoming,1,87,91,2734
6/3/2020,Wyoming,0,87,122,2856
6/4/2020,Wyoming,1,88,67,2923
6/5/2020,Wyoming,1,89,129,3052
6/6/2020,Wyoming,0,89,124,3176
6/7/2020,Wyoming,1,90,127,3303
6/8/2020,Wyoming,1,91,102,3405
6/9/2020,Wyoming,0,91,188,3593
6/10/2020,Wyoming,0,91,97,3690
6/11/2020,Wyoming,0,91,97,3787
6/12/2020,Wyoming,0,91,113,3900
6/13/2020,Wyoming,1,92,65,3965
6/14/2020,Wyoming,0,92,49,4014
6/15/2020,Wyoming,1,93,201,4215
6/16/2020,Wyoming,0,93,85,4300
6/17/2020,Wyoming,0,93,68,4368
6/18/2020,Wyoming,0,93,126,4494
6/19/2020,Wyoming,0,93,33,4527
6/20/2020,Wyoming,0,93,33,4560
6/21/2020,Wyoming,0,93,151,4711
6/22/2020,Wyoming,0,93,147,4858
6/23/2020,Wyoming,0,93,83,4941
6/24/2020,Wyoming,0,93,95,5036
6/25/2020,Wyoming,1,94,167,5203
6/26/2020,Wyoming,1,95,113,5316
6/27/2020,Wyoming,0,95,65,5381
6/28/2020,Wyoming,0,95,149,5530
6/29/2020,Wyoming,0,95,99,5629
6/30/2020,Wyoming,0,95,94,5723
7/1/2020,Wyoming,0,95,167,5890
7/2/2020,Wyoming,0,95,112,6002
7/3/2020,Wyoming,1,96,224,6226
7/4/2020,Wyoming,1,97,64,6290
7/5/2020,Wyoming,0,97,42,6332
7/6/2020,Wyoming,0,97,89,6421
7/7/2020,Wyoming,1,98,67,6488
7/8/2020,Wyoming,1,99,222,6710
7/9/2020,Wyoming,2,101,70,6780
7/10/2020,Wyoming,0,101,211,6991
7/11/2020,Wyoming,0,101,86,7077
7/12/2020,Wyoming,1,102,65,7142
7/13/2020,Wyoming,1,103,215,7357
7/14/2020,Wyoming,0,103,97,7454
3/2/2020,Yates,0,0,0,0
3/3/2020,Yates,0,0,0,0
3/4/2020,Yates,0,0,0,0
3/5/2020,Yates,0,0,0,0
3/6/2020,Yates,0,0,0,0
3/7/2020,Yates,0,0,0,0
3/8/2020,Yates,0,0,0,0
3/9/2020,Yates,0,0,0,0
3/10/2020,Yates,0,0,0,0
3/11/2020,Yates,0,0,0,0
3/12/2020,Yates,0,0,0,0
3/13/2020,Yates,0,0,1,1
3/14/2020,Yates,0,0,2,3
3/15/2020,Yates,0,0,1,4
3/16/2020,Yates,0,0,0,4
3/17/2020,Yates,0,0,0,4
3/18/2020,Yates,0,0,3,7
3/19/2020,Yates,0,0,1,8
3/20/2020,Yates,0,0,2,10
3/21/2020,Yates,0,0,3,13
3/22/2020,Yates,0,0,3,16
3/23/2020,Yates,0,0,3,19
3/24/2020,Yates,0,0,3,22
3/25/2020,Yates,0,0,1,23
3/26/2020,Yates,0,0,2,25
3/27/2020,Yates,0,0,10,35
3/28/2020,Yates,0,0,7,42
3/29/2020,Yates,0,0,2,44
3/30/2020,Yates,0,0,3,47
3/31/2020,Yates,0,0,7,54
4/1/2020,Yates,1,1,8,62
4/2/2020,Yates,0,1,7,69
4/3/2020,Yates,0,1,3,72
4/4/2020,Yates,0,1,6,78
4/5/2020,Yates,0,1,2,80
4/6/2020,Yates,0,1,3,83
4/7/2020,Yates,0,1,5,88
4/8/2020,Yates,0,1,7,95
4/9/2020,Yates,1,2,3,98
4/10/2020,Yates,0,2,5,103
4/11/2020,Yates,1,3,6,109
4/12/2020,Yates,1,4,4,113
4/13/2020,Yates,2,6,5,118
4/14/2020,Yates,0,6,5,123
4/15/2020,Yates,1,7,2,125
4/16/2020,Yates,1,8,10,135
4/17/2020,Yates,1,9,28,163
4/18/2020,Yates,0,9,2,165
4/19/2020,Yates,1,10,13,178
4/20/2020,Yates,0,10,1,179
4/21/2020,Yates,1,11,1,180
4/22/2020,Yates,0,11,8,188
4/23/2020,Yates,0,11,5,193
4/24/2020,Yates,5,16,41,234
4/25/2020,Yates,1,17,4,238
4/26/2020,Yates,0,17,3,241
4/27/2020,Yates,0,17,3,244
4/28/2020,Yates,0,17,8,252
4/29/2020,Yates,1,18,10,262
4/30/2020,Yates,0,18,12,274
5/1/2020,Yates,0,18,13,287
5/2/2020,Yates,1,19,23,310
5/3/2020,Yates,0,19,9,319
5/4/2020,Yates,0,19,7,326
5/5/2020,Yates,0,19,13,339
5/6/2020,Yates,0,19,13,352
5/7/2020,Yates,1,20,12,364
5/8/2020,Yates,0,20,24,388
5/9/2020,Yates,1,21,27,415
5/10/2020,Yates,0,21,15,430
5/11/2020,Yates,0,21,15,445
5/12/2020,Yates,1,22,23,468
5/13/2020,Yates,0,22,51,519
5/14/2020,Yates,0,22,16,535
5/15/2020,Yates,0,22,15,550
5/16/2020,Yates,1,23,14,564
5/17/2020,Yates,2,25,22,586
5/18/2020,Yates,1,26,25,611
5/19/2020,Yates,8,34,67,678
5/20/2020,Yates,0,34,62,740
5/21/2020,Yates,0,34,107,847
5/22/2020,Yates,3,37,22,869
5/23/2020,Yates,0,37,58,927
5/24/2020,Yates,0,37,28,955
5/25/2020,Yates,0,37,67,1022
5/26/2020,Yates,2,39,28,1050
5/27/2020,Yates,0,39,50,1100
5/28/2020,Yates,0,39,130,1230
5/29/2020,Yates,0,39,31,1261
5/30/2020,Yates,0,39,87,1348
5/31/2020,Yates,0,39,77,1425
6/1/2020,Yates,0,39,48,1473
6/2/2020,Yates,0,39,108,1581
6/3/2020,Yates,0,39,78,1659
6/4/2020,Yates,0,39,113,1772
6/5/2020,Yates,0,39,109,1881
6/6/2020,Yates,0,39,73,1954
6/7/2020,Yates,0,39,110,2064
6/8/2020,Yates,0,39,30,2094
6/9/2020,Yates,0,39,64,2158
6/10/2020,Yates,0,39,99,2257
6/11/2020,Yates,0,39,103,2360
6/12/2020,Yates,0,39,52,2412
6/13/2020,Yates,1,40,64,2476
6/14/2020,Yates,0,40,89,2565
6/15/2020,Yates,0,40,98,2663
6/16/2020,Yates,0,40,58,2721
6/17/2020,Yates,0,40,53,2774
6/18/2020,Yates,0,40,74,2848
6/19/2020,Yates,1,41,49,2897
6/20/2020,Yates,0,41,70,2967
6/21/2020,Yates,1,42,72,3039
6/22/2020,Yates,1,43,43,3082
6/23/2020,Yates,1,44,44,3126
6/24/2020,Yates,0,44,41,3167
6/25/2020,Yates,1,45,61,3228
6/26/2020,Yates,0,45,56,3284
6/27/2020,Yates,0,45,63,3347
6/28/2020,Yates,1,46,133,3480
6/29/2020,Yates,0,46,55,3535
6/30/2020,Yates,0,46,53,3588
7/1/2020,Yates,0,46,28,3616
7/2/2020,Yates,0,46,67,3683
7/3/2020,Yates,2,48,84,3767
7/4/2020,Yates,0,48,45,3812
7/5/2020,Yates,0,48,33,3845
7/6/2020,Yates,0,48,59,3904
7/7/2020,Yates,0,48,73,3977
7/8/2020,Yates,0,48,87,4064
7/9/2020,Yates,0,48,65,4129
7/10/2020,Yates,0,48,59,4188
7/11/2020,Yates,0,48,44,4232
7/12/2020,Yates,0,48,46,4278
7/13/2020,Yates,1,49,54,4332
7/14/2020,Yates,1,50,55,4387
